JON flexi;29,30,31,32,33,34,35,36,37,38,39,40,41,42,43,44,45,46,47,48,49,50,51,52,53,54,55,56,57,58,59,60,61,62,63,64,65,66,67,68,69,70,71,72,73,74,75,76,77,
JON procr;38,39,40,41,42,43,44,72,73,74,75,76,77,
JON hinge ;38,41,42,43,73,76,77,
JON siderms;40,
JON sideav ;3,40,73,
JON maxd;40,


LG flexi;29,30,31,32,33,34,35,36,37,38,39,40,41,42,43,44,45,46,47,48,49,50,51,52,53,54,55,56,57,58,59,60,61,62,63,64,65,66,67,68,69,70,71,72,73,74,75,76,77,
LG procr;38,39,40,41,42,43,44,72,73,74,75,76,77,
LG hinge;38,41,42,43,73,76,77,
LG siderms;40,
LG sideav;3,40,73,
LG maxd;40,
