JON flexi;19,263,309,310,311,312,313,314,360,
JON procr;23,259,260,261,262,263,264,265,266,267,308,309,310,311,312,313,314,315,316,
JON hinge ;23,262,263,266,267,305,306,309,310,311,312,313,314,315,316,317,357,358,359,362,363,364,440,441,442,443,
JON siderms;200,303,307,320,332,334,373,403,431,435,
JON sideav ;19,164,307,320,416,431,435,438,
JON maxd;172,200,303,307,320,332,334,373,403,431,435,


LG flexi;4,248,294,295,296,297,298,299,345,
LG procr;8,244,245,246,247,248,249,250,251,252,293,294,295,296,297,298,299,300,301,
LG hinge;8,247,248,251,252,290,291,294,295,296,297,298,299,300,301,302,342,343,344,347,348,349,425,426,427,428,
LG siderms;185,288,292,305,317,319,358,388,416,420,
LG sideav;4,149,292,305,401,416,420,423,
LG maxd;157,185,288,292,305,317,319,358,388,416,420,
