JON flexi;54,55,477,478,479,480,481,482,483,484,485,486,487,488,489,490,491,492,493,494,495,496,
JON procr;51,52,53,54,55,56,57,58,59,476,477,478,479,480,481,482,483,484,485,486,487,488,489,490,491,492,
JON hinge ;51,52,53,54,56,57,58,59,475,476,477,478,479,480,481,482,483,484,491,492,
JON siderms;99,115,296,317,363,388,459,468,484,496,
JON sideav ;99,216,317,363,459,468,483,488,492,
JON maxd;99,115,263,296,317,363,388,459,468,484,496,


LG flexi;54,55,477,478,479,480,481,482,483,484,485,486,487,488,489,490,491,492,493,494,495,496,
LG procr;51,52,53,54,55,56,57,58,59,476,477,478,479,480,481,482,483,484,485,486,487,488,489,490,491,492,
LG hinge;51,52,53,54,56,57,58,59,475,476,477,478,479,480,481,482,483,484,491,492,
LG siderms;99,115,296,317,363,388,459,468,484,496,
LG sideav;99,216,317,363,459,468,483,488,492,
LG maxd;99,115,263,296,317,363,388,459,468,484,496,
