JON flexi;101,131,132,133,134,331,333,502,769,770,771,772,773,774,775,776,777,778,779,780,781,996,1001,
JON procr;775,776,777,778,779,780,781,782,783,784,
JON hinge ;137,772,775,776,777,778,779,781,782,783,
JON siderms;98,100,171,361,380,408,444,471,492,514,555,573,670,746,759,763,764,775,778,779,780,859,878,959,968,973,979,1001,1032,1117,1142,
JON sideav ;98,100,106,139,297,333,343,380,408,425,444,533,560,573,670,732,763,764,770,775,778,779,780,837,859,959,968,1032,1142,1159,
JON maxd;98,100,171,361,380,408,444,471,488,492,514,555,573,670,746,759,763,764,775,779,780,859,878,959,968,973,979,1032,1117,1142,


LG flexi;39,69,70,71,72,269,271,440,707,708,709,710,711,712,713,714,715,716,717,718,719,934,939,
LG procr;713,714,715,716,717,718,719,720,721,722,
LG hinge;75,710,713,714,715,716,717,719,720,721,
LG siderms;36,38,109,299,318,346,382,409,430,452,493,511,608,684,697,701,702,713,716,717,718,797,816,897,906,911,917,939,970,1055,1080,
LG sideav;36,38,44,77,235,271,281,318,346,363,382,471,498,511,608,670,701,702,708,713,716,717,718,775,797,897,906,970,1080,1097,
LG maxd;36,38,109,299,318,346,382,409,426,430,452,493,511,608,684,697,701,702,713,717,718,797,816,897,906,911,917,970,1055,1080,
