JON flexi;2003,2004,3071,3072,3073,3074,3075,3076,3077,3078,3079,3080,3081,3082,3083,3084,3085,3086,3087,3088,3089,3090,
JON procr;2000,3075,3076,3077,3078,3079,3080,3081,3082,3083,3084,3085,3086,3087,3088,3089,3090,3091,3092,3093,
JON hinge ;3075,3076,3077,3078,3079,3080,3082,3083,3084,3085,3086,3087,3088,3089,3090,3092,3093,
JON siderms;1136,1170,1407,1454,1457,1558,1621,1622,1717,1846,1965,1980,2003,2004,2011,2028,2029,2031,2038,2040,2043,3085,
JON sideav ;1407,1457,2003,2004,2031,2043,3071,3073,3074,3075,3076,3077,3078,3080,3081,3082,3083,3085,3087,3088,3089,3090,3091,3092,3099,
JON maxd;689,1136,1170,1393,1407,1420,1454,1457,1558,1621,1622,1691,1701,1717,1846,1960,1965,1980,2003,2004,2011,2029,2031,2038,2040,2043,3085,


LG flexi;1896,1897,3793,3794,3795,3796,3797,3798,3799,3800,3801,3802,3803,3804,3805,3806,3807,3808,3809,3810,3811,3812,
LG procr;1893,3797,3798,3799,3800,3801,3802,3803,3804,3805,3806,3807,3808,3809,3810,3811,3812,3813,3814,3815,
LG hinge;3797,3798,3799,3800,3801,3802,3804,3805,3806,3807,3808,3809,3810,3811,3812,3814,3815,
LG siderms;1029,1063,1300,1347,1350,1451,1514,1515,1610,1739,1858,1873,1896,1897,1904,1921,1922,1924,1931,1933,1936,3807,
LG sideav;1300,1350,1896,1897,1924,1936,3793,3795,3796,3797,3798,3799,3800,3802,3803,3804,3805,3807,3809,3810,3811,3812,3813,3814,3821,
LG maxd;582,1029,1063,1286,1300,1313,1347,1350,1451,1514,1515,1584,1594,1610,1739,1853,1858,1873,1896,1897,1904,1922,1924,1931,1933,1936,3807,
