JON flexi;26,27,28,29,30,31,32,33,34,45,46,47,48,49,50,51,52,53,54,55,56,57,58,59,60,61,62,63,64,65,66,67,146,147,148,158,159,160,174,175,176,177,218,219,220,221,248,249,250,251,252,253,254,279,280,281,282,283,284,285,286,287,288,289,290,302,303,304,305,306,316,317,318,319,320,321,322,323,348,349,350,351,381,
JON procr;56,57,58,59,60,61,62,63,64,156,157,158,159,171,172,173,174,175,176,177,178,179,180,246,247,248,249,250,251,252,253,254,255,256,
JON hinge ;60,63,64,162,172,173,174,175,176,177,178,179,180,246,247,248,252,253,254,
JON siderms;49,51,69,247,263,284,298,317,326,331,
JON sideav ;35,49,69,156,247,248,284,286,298,317,331,
JON maxd;49,69,247,263,284,298,317,326,331,


LG flexi;26,27,28,29,30,31,32,33,34,45,46,47,48,49,50,51,52,53,54,55,56,57,58,59,60,61,62,63,64,65,66,67,146,147,148,158,159,160,174,175,176,177,218,219,220,221,248,249,250,251,252,253,254,279,280,281,282,283,284,285,286,287,288,289,290,302,303,304,305,306,316,317,318,319,320,321,322,323,348,349,350,351,381,
LG procr;56,57,58,59,60,61,62,63,64,156,157,158,159,171,172,173,174,175,176,177,178,179,180,246,247,248,249,250,251,252,253,254,255,256,
LG hinge;60,63,64,162,172,173,174,175,176,177,178,179,180,246,247,248,252,253,254,
LG siderms;49,51,69,247,263,284,298,317,326,331,
LG sideav;35,49,69,156,247,248,284,286,298,317,331,
LG maxd;49,69,247,263,284,298,317,326,331,
