JON flexi;91,429,430,431,433,861,863,864,894,895,896,897,898,
JON procr;867,891,892,893,894,895,896,897,898,899,900,901,
JON hinge ;426,427,892,893,894,895,896,897,898,899,900,901,
JON siderms;97,98,176,199,214,394,429,430,431,433,577,593,863,892,895,897,
JON sideav ;98,394,429,430,431,433,551,577,863,884,895,896,897,
JON maxd;97,98,176,214,330,377,390,394,429,430,431,433,577,593,851,863,892,895,897,968,


LG flexi;2,340,341,342,344,575,577,578,608,609,610,611,612,
LG procr;581,605,606,607,608,609,610,611,612,613,614,615,
LG hinge;337,338,606,607,608,609,610,611,612,613,614,615,
LG siderms;8,9,87,110,125,305,340,341,342,344,488,504,577,606,609,611,
LG sideav;9,305,340,341,342,344,462,488,577,598,609,610,611,
LG maxd;8,9,87,125,241,288,301,305,340,341,342,344,488,504,565,577,606,609,611,682,
