JON flexi;132,133,134,135,234,309,310,311,312,313,314,348,352,
JON procr;230,231,232,233,234,235,236,237,238,308,309,310,311,312,313,314,315,316,
JON hinge ;308,309,310,311,313,314,315,316,
JON siderms;54,74,125,136,178,208,273,311,312,313,
JON sideav ;74,125,178,311,312,313,348,
JON maxd;74,125,136,178,208,256,273,311,312,313,


LG flexi;83,84,85,86,185,260,261,262,263,264,265,299,303,
LG procr;181,182,183,184,185,186,187,188,189,259,260,261,262,263,264,265,266,267,
LG hinge;259,260,261,262,264,265,266,267,
LG siderms;5,25,76,87,129,159,224,262,263,264,
LG sideav;25,76,129,262,263,264,299,
LG maxd;25,76,87,129,159,207,224,262,263,264,
