JON flexi;63,64,175,176,177,178,217,287,288,289,290,291,536,537,652,
JON procr;174,221,283,284,285,286,287,288,289,290,291,292,293,294,532,648,
JON hinge ;174,284,285,286,287,288,289,290,291,292,293,294,532,
JON siderms;49,62,217,221,260,265,288,295,327,413,429,471,494,536,543,576,625,652,763,
JON sideav ;49,62,217,221,224,265,295,327,413,429,471,494,536,543,577,625,651,652,688,763,
JON maxd;49,62,217,221,260,265,295,327,429,471,494,543,576,625,652,763,


LG flexi;63,64,175,176,177,178,184,254,255,256,257,258,503,505,620,
LG procr;174,188,250,251,252,253,254,255,256,257,258,259,260,261,499,616,
LG hinge;174,251,252,253,254,255,256,257,258,259,260,261,499,
LG siderms;49,62,184,188,227,232,255,262,294,380,396,438,461,503,511,544,593,620,731,
LG sideav;49,62,184,188,191,232,262,294,380,396,438,461,503,511,545,593,619,620,656,731,
LG maxd;49,62,184,188,227,232,262,294,396,438,461,511,544,593,620,731,
