JON flexi;23,86,117,130,131,132,150,151,152,153,154,155,156,157,158,159,160,161,195,196,197,198,199,200,
JON procr;27,83,84,85,86,87,88,89,90,117,118,119,130,131,132,133,134,147,148,149,150,151,152,153,154,155,156,159,160,192,193,194,195,196,
JON hinge ;56,57,84,89,117,118,119,132,135,149,153,154,155,159,193,194,195,196,
JON siderms;23,69,109,130,131,
JON sideav ;23,109,130,131,180,200,
JON maxd;23,69,109,130,131,


LG flexi;23,86,117,130,131,132,150,151,152,153,154,155,156,157,158,159,160,161,195,196,197,198,199,200,
LG procr;27,83,84,85,86,87,88,89,90,117,118,119,130,131,132,133,134,147,148,149,150,151,152,153,154,155,156,159,160,192,193,194,195,196,
LG hinge;56,57,84,89,117,118,119,132,135,149,153,154,155,159,193,194,195,196,
LG siderms;23,69,109,130,131,
LG sideav;23,109,130,131,180,200,
LG maxd;23,69,109,130,131,
