JON flexi;95,96,101,102,103,118,119,120,146,147,148,257,264,265,
JON procr;91,92,105,106,115,116,143,144,145,146,147,148,149,150,151,152,160,161,162,268,301,302,303,304,305,306,307,308,
JON hinge ;92,105,110,111,144,145,146,147,149,150,151,152,160,161,268,304,443,
JON siderms;94,96,101,118,134,139,264,368,451,452,569,590,668,877,932,
JON sideav ;94,96,101,107,118,134,139,264,304,368,403,451,452,569,668,877,932,
JON maxd;94,96,118,134,139,256,264,368,451,452,569,590,668,877,932,


LG flexi;102,103,108,109,110,125,126,127,153,154,155,264,271,272,
LG procr;98,99,112,113,122,123,150,151,152,153,154,155,156,157,158,159,167,168,169,275,308,309,310,311,312,313,314,315,
LG hinge;99,112,117,118,151,152,153,154,156,157,158,159,167,168,275,311,450,
LG siderms;101,103,108,125,141,146,271,375,458,459,576,597,675,884,939,
LG sideav;101,103,108,114,125,141,146,271,311,375,410,458,459,576,675,884,939,
LG maxd;101,103,125,141,146,263,271,375,458,459,576,597,675,884,939,
