JON flexi;324,325,338,542,543,544,545,546,547,548,549,550,551,552,611,612,613,614,615,616,617,618,619,620,621,622,
JON procr;334,335,336,337,338,339,340,341,342,541,542,543,544,545,546,547,548,549,
JON hinge ;328,335,336,340,341,542,543,544,545,546,547,548,553,554,555,579,583,584,
JON siderms;159,189,197,204,325,340,372,412,444,454,493,497,499,515,540,548,553,580,613,
JON sideav ;159,189,197,204,325,340,412,444,454,499,515,540,548,553,580,582,613,
JON maxd;159,174,189,197,204,325,340,412,444,454,493,497,499,515,540,548,553,586,609,613,


LG flexi;324,325,338,542,543,544,545,546,547,548,549,550,551,552,611,612,613,614,615,616,617,618,619,620,621,622,
LG procr;334,335,336,337,338,339,340,341,342,541,542,543,544,545,546,547,548,549,
LG hinge;328,335,336,340,341,542,543,544,545,546,547,548,553,554,555,579,583,584,
LG siderms;159,189,197,204,325,340,372,412,444,454,493,497,499,515,540,548,553,580,613,
LG sideav;159,189,197,204,325,340,412,444,454,499,515,540,548,553,580,582,613,
LG maxd;159,174,189,197,204,325,340,412,444,454,493,497,499,515,540,548,553,586,609,613,
