JON flexi;66,67,68,69,70,71,72,73,74,75,76,77,102,103,104,105,129,130,131,132,133,219,
JON procr;63,64,65,66,67,68,69,70,71,73,74,75,76,77,78,79,80,103,126,127,128,129,
JON hinge ;66,67,68,69,100,101,105,126,127,128,
JON siderms;8,33,35,49,63,66,67,73,77,
JON sideav ;40,76,105,
JON maxd;8,33,49,63,66,67,73,77,


LG flexi;66,67,68,69,70,71,72,73,74,75,76,77,102,103,104,105,129,130,131,132,133,218,
LG procr;63,64,65,66,67,68,69,70,71,73,74,75,76,77,78,79,80,103,126,127,128,129,
LG hinge;66,67,68,69,100,101,105,126,127,128,
LG siderms;8,33,35,49,63,66,67,73,77,
LG sideav;40,76,105,
LG maxd;8,33,49,63,66,67,73,77,
