JON flexi;229,230,231,232,233,234,235,781,782,783,784,785,786,787,788,789,790,791,
JON procr;204,205,206,207,208,209,210,211,212,213,225,226,227,228,229,230,231,445,446,447,448,449,450,451,452,785,786,787,2369,
JON hinge ;205,207,208,209,212,213,214,225,226,227,228,229,230,231,441,446,447,448,449,450,451,785,786,787,2189,2190,2367,2368,2369,2370,2371,2376,2377,
JON siderms;106,168,209,210,211,229,230,234,235,458,469,639,679,763,777,781,782,783,784,789,790,791,802,822,824,827,1618,1840,1937,1948,1990,1998,2003,2088,2123,2193,2222,2356,2478,2483,2535,2539,2555,
JON sideav ;168,209,210,211,228,229,230,233,234,235,458,639,653,679,763,775,781,782,783,784,785,789,790,791,802,822,824,827,1618,1897,1937,1948,1990,2003,2086,2088,2123,2193,2207,2222,2332,2402,2478,2479,2483,2535,2539,
JON maxd;106,168,209,210,230,234,336,458,469,475,491,679,763,777,781,782,783,784,790,802,822,824,827,1618,1840,1937,1948,1960,1990,1998,2003,2041,2088,2123,2193,2222,2321,2356,2478,2483,2535,2539,2555,


LG flexi;244,245,246,247,248,249,250,796,797,798,799,800,801,802,803,804,805,806,
LG procr;219,220,221,222,223,224,225,226,227,228,240,241,242,243,244,245,246,460,461,462,463,464,465,466,467,800,801,802,2384,
LG hinge;220,222,223,224,227,228,229,240,241,242,243,244,245,246,456,461,462,463,464,465,466,800,801,802,2204,2205,2382,2383,2384,2385,2386,2391,2392,
LG siderms;121,183,224,225,226,244,245,249,250,473,484,654,694,778,792,796,797,798,799,804,805,806,817,837,839,842,1633,1855,1952,1963,2005,2013,2018,2103,2138,2208,2237,2371,2493,2498,2550,2554,2570,
LG sideav;183,224,225,226,243,244,245,248,249,250,473,654,668,694,778,790,796,797,798,799,800,804,805,806,817,837,839,842,1633,1912,1952,1963,2005,2018,2101,2103,2138,2208,2222,2237,2347,2417,2493,2494,2498,2550,2554,
LG maxd;121,183,224,225,245,249,351,473,484,490,506,694,778,792,796,797,798,799,805,817,837,839,842,1633,1855,1952,1963,1975,2005,2013,2018,2056,2103,2138,2208,2237,2336,2371,2493,2498,2550,2554,2570,
