JON flexi;896,897,900,901,984,985,
JON procr;893,904,980,981,982,983,984,985,986,987,988,
JON hinge ;354,355,893,904,980,981,982,983,984,985,986,987,988,989,
JON siderms;17,277,448,449,504,507,583,617,723,762,791,840,897,900,923,931,1018,1057,1121,1122,1127,
JON sideav ;277,279,449,504,617,723,762,791,840,897,900,931,1018,1057,1122,1127,
JON maxd;17,277,448,449,504,507,583,617,723,762,791,840,897,900,923,931,1018,1057,1121,1122,1127,


LG flexi;896,897,900,901,984,985,
LG procr;893,904,980,981,982,983,984,985,986,987,988,
LG hinge;354,355,893,904,980,981,982,983,984,985,986,987,988,989,
LG siderms;17,277,448,449,504,507,583,617,723,762,791,840,897,900,923,931,1018,1057,1121,1122,1127,
LG sideav;277,279,449,504,617,723,762,791,840,897,900,931,1018,1057,1122,1127,
LG maxd;17,277,448,449,504,507,583,617,723,762,791,840,897,900,923,931,1018,1057,1121,1122,1127,
