JON flexi;9,83,178,222,243,244,245,246,247,248,249,250,251,252,253,254,255,256,257,258,259,260,261,262,263,342,343,344,345,346,347,348,
JON procr;13,79,168,169,170,171,172,175,176,177,178,179,180,181,182,213,218,247,248,249,250,251,252,253,254,255,256,257,258,259,285,286,287,288,289,290,291,338,339,340,341,342,343,344,
JON hinge ;129,171,172,175,181,182,215,247,249,250,251,252,256,257,258,285,286,339,340,341,342,343,344,
JON siderms;62,69,150,170,173,193,243,275,289,295,342,
JON sideav ;62,173,193,243,254,275,289,295,342,
JON maxd;62,69,150,170,173,193,195,243,275,295,342,


LG flexi;432,506,601,645,666,667,668,669,670,671,672,673,674,675,676,677,678,679,680,681,682,683,684,685,686,765,766,767,768,769,770,771,
LG procr;436,502,591,592,593,594,595,598,599,600,601,602,603,604,605,636,641,670,671,672,673,674,675,676,677,678,679,680,681,682,708,709,710,711,712,713,714,761,762,763,764,765,766,767,
LG hinge;552,594,595,598,604,605,638,670,672,673,674,675,679,680,681,708,709,762,763,764,765,766,767,
LG siderms;485,492,573,593,596,616,666,698,712,718,765,
LG sideav;485,596,616,666,677,698,712,718,765,
LG maxd;485,492,573,593,596,616,618,666,698,718,765,
