JON flexi;102,403,404,405,406,407,408,409,410,411,412,905,906,1841,
JON procr;98,407,408,902,1812,1813,1814,1815,1816,1817,1837,1838,1839,1840,1841,1842,1843,1844,1845,
JON hinge ;407,902,1813,1814,1815,1819,1843,
JON siderms;16,85,477,1443,1720,1795,1827,1832,1855,1858,1876,
JON sideav ;403,405,408,409,411,412,1719,1720,1774,1855,1876,
JON maxd;16,85,477,1443,1720,1761,1795,1827,1832,1855,1858,1876,


LG flexi;102,395,396,397,398,399,400,401,402,403,404,905,906,1841,
LG procr;98,399,400,902,1812,1813,1814,1815,1816,1817,1837,1838,1839,1840,1841,1842,1843,1844,1845,
LG hinge;399,902,1813,1814,1815,1819,1843,
LG siderms;16,85,477,1443,1720,1795,1827,1832,1855,1858,1876,
LG sideav;395,397,400,401,403,404,1719,1720,1774,1855,1876,
LG maxd;16,85,477,1443,1720,1761,1795,1827,1832,1855,1858,1876,
