JON flexi;401,402,403,404,405,406,407,408,409,
JON procr;397,398,399,400,401,402,403,404,405,
JON hinge ;397,398,399,400,401,403,404,405,
JON siderms;67,102,238,259,342,345,358,
JON sideav ;67,98,102,238,259,342,358,402,
JON maxd;67,102,238,259,342,345,358,


LG flexi;401,402,403,404,405,406,407,408,409,
LG procr;397,398,399,400,401,402,403,404,405,
LG hinge;397,398,399,400,401,403,404,405,
LG siderms;67,102,238,259,342,345,358,
LG sideav;67,98,102,238,259,342,358,402,
LG maxd;67,102,238,259,342,345,358,
