JON flexi;2,77,78,1858,
JON procr;81,82,
JON hinge ;81,82,
JON siderms;36,39,48,88,102,110,126,686,698,709,1640,1670,1832,1846,1875,1971,2029,2071,2188,2201,2225,
JON sideav ;2,77,78,79,80,83,110,126,1670,
JON maxd;22,39,48,88,102,110,126,686,689,698,709,1640,1670,1832,1846,1875,1971,2029,2071,2188,2201,2225,


LG flexi;83,137,138,1917,
LG procr;141,142,
LG hinge;141,142,
LG siderms;117,120,129,148,162,170,186,745,757,768,1699,1729,1891,1905,1934,2030,2088,2130,2247,2260,2284,
LG sideav;83,137,138,139,140,143,170,186,1729,
LG maxd;103,120,129,148,162,170,186,745,748,757,768,1699,1729,1891,1905,1934,2030,2088,2130,2247,2260,2284,
