JON flexi;119,125,126,389,390,391,413,414,420,421,
JON procr;115,385,386,387,388,389,390,391,392,393,394,410,424,
JON hinge ;115,129,130,152,153,386,387,388,389,390,391,393,395,410,424,425,
JON siderms;39,58,61,101,339,400,413,414,420,422,435,
JON sideav ;39,58,61,101,112,339,400,413,414,420,421,435,449,
JON maxd;39,58,61,101,339,354,400,422,435,


LG flexi;119,125,126,387,388,389,411,412,418,419,
LG procr;115,383,384,385,386,387,388,389,390,391,392,408,422,
LG hinge;115,129,130,152,153,384,385,386,387,388,389,391,393,408,422,423,
LG siderms;39,58,61,101,337,398,411,412,418,420,433,
LG sideav;39,58,61,101,112,337,398,411,412,418,419,433,447,
LG maxd;39,58,61,101,337,352,398,420,433,
