JON flexi;151,152,153,154,155,156,157,158,159,
JON procr;30,31,59,60,61,62,63,131,132,133,134,135,136,140,141,142,143,144,149,150,151,152,153,154,155,
JON hinge ;30,31,57,131,132,133,134,142,143,154,155,
JON siderms;25,58,64,
JON sideav ;25,58,64,
JON maxd;25,58,64,159,


LG flexi;151,152,153,154,155,156,157,158,159,
LG procr;30,31,59,60,61,62,63,131,132,133,134,135,136,140,141,142,143,144,149,150,151,152,153,154,155,
LG hinge;30,31,57,131,132,133,134,142,143,154,155,
LG siderms;25,58,64,
LG sideav;25,58,64,
LG maxd;25,58,64,159,
