JON flexi;286,302,328,329,330,331,332,333,334,335,398,399,400,522,523,567,568,569,570,680,684,705,706,707,708,709,710,711,712,713,714,715,716,717,757,758,759,760,797,814,815,816,892,893,898,1013,1014,1015,1016,1017,1018,1019,1020,1021,1022,1023,1024,1025,1026,1056,1057,
JON procr;397,398,399,400,401,519,520,521,522,523,524,525,526,566,567,568,569,570,571,572,702,703,704,705,706,707,708,709,710,711,813,814,815,816,817,932,1018,1019,1020,1021,1053,
JON hinge ;399,400,403,404,469,519,520,521,524,525,565,566,567,568,569,570,572,573,703,704,705,706,707,708,709,710,711,712,816,902,933,1012,1013,1018,1019,1020,1024,
JON siderms;308,317,351,373,417,449,457,466,470,521,537,581,582,604,652,668,688,802,817,825,914,931,970,1008,1025,1044,
JON sideav ;308,317,351,401,466,521,537,567,604,624,652,668,688,695,707,802,803,825,857,914,929,931,970,1008,1025,1044,
JON maxd;308,317,351,417,449,457,466,470,521,537,582,604,652,668,688,802,817,825,914,931,970,1008,1025,1044,


LG flexi;286,302,328,329,330,331,332,333,334,335,398,399,400,522,523,567,568,569,570,680,684,705,706,707,708,709,710,711,712,713,714,715,716,717,757,758,759,760,797,814,815,816,892,893,898,1013,1014,1015,1016,1017,1018,1019,1020,1021,1022,1023,1024,1025,1026,1056,1057,
LG procr;397,398,399,400,401,519,520,521,522,523,524,525,526,566,567,568,569,570,571,572,702,703,704,705,706,707,708,709,710,711,813,814,815,816,817,932,1018,1019,1020,1021,1053,
LG hinge;399,400,403,404,469,519,520,521,524,525,565,566,567,568,569,570,572,573,703,704,705,706,707,708,709,710,711,712,816,902,933,1012,1013,1018,1019,1020,1024,
LG siderms;308,317,351,373,417,449,457,466,470,521,537,581,582,604,652,668,688,802,817,825,914,931,970,1008,1025,1044,
LG sideav;308,317,351,401,466,521,537,567,604,624,652,668,688,695,707,802,803,825,857,914,929,931,970,1008,1025,1044,
LG maxd;308,317,351,417,449,457,466,470,521,537,582,604,652,668,688,802,817,825,914,931,970,1008,1025,1044,
