JON flexi;157,158,159,160,161,162,163,164,165,166,167,168,169,170,171,172,173,175,176,177,178,199,201,202,203,245,246,316,317,577,771,828,829,831,897,975,976,
JON procr;153,154,155,156,157,158,159,160,161,162,163,164,165,166,167,168,169,179,180,181,195,205,206,241,242,320,321,365,366,573,731,732,733,734,735,736,737,738,775,824,825,971,973,974,975,976,977,978,979,980,
JON hinge ;156,157,165,166,167,168,169,179,180,181,205,206,242,272,320,321,366,573,674,675,729,730,731,734,735,736,775,824,825,835,970,971,975,978,979,
JON siderms;133,146,157,164,178,473,505,604,605,606,627,737,805,905,944,1076,
JON sideav ;146,157,164,166,178,432,473,505,604,605,606,627,805,905,944,
JON maxd;133,146,157,164,178,473,505,604,605,606,627,737,805,905,944,1076,


LG flexi;38,39,40,41,42,43,44,45,46,47,48,49,50,51,52,53,54,56,57,58,59,80,82,83,84,126,127,197,198,458,652,709,710,712,778,856,857,
LG procr;34,35,36,37,38,39,40,41,42,43,44,45,46,47,48,49,50,60,61,62,76,86,87,122,123,201,202,246,247,454,612,613,614,615,616,617,618,619,656,705,706,852,854,855,856,857,858,859,860,861,
LG hinge;37,38,46,47,48,49,50,60,61,62,86,87,123,153,201,202,247,454,555,556,610,611,612,615,616,617,656,705,706,716,851,852,856,859,860,
LG siderms;14,27,38,45,59,354,386,485,486,487,508,618,686,786,825,957,
LG sideav;27,38,45,47,59,313,354,386,485,486,487,508,686,786,825,
LG maxd;14,27,38,45,59,354,386,485,486,487,508,618,686,786,825,957,
