JON flexi;611,698,699,700,701,702,703,704,705,706,707,708,
JON procr;607,702,703,704,705,706,707,708,709,710,711,712,
JON hinge ;702,704,705,706,707,708,709,710,711,712,
JON siderms;30,221,339,359,369,376,611,621,631,692,693,698,707,708,725,
JON sideav ;30,339,359,376,421,611,621,631,666,692,698,699,708,715,725,
JON maxd;30,221,339,359,376,621,631,692,693,707,725,


LG flexi;620,701,702,703,704,705,706,707,708,709,710,711,
LG procr;616,705,706,707,708,709,710,711,712,713,714,715,
LG hinge;705,707,708,709,710,711,712,713,714,715,
LG siderms;39,230,348,368,378,385,620,624,634,695,696,701,710,711,728,
LG sideav;39,348,368,385,430,620,624,634,669,695,701,702,711,718,728,
LG maxd;39,230,348,368,385,624,634,695,696,710,728,
