JON flexi;50,68,69,70,385,386,387,428,429,430,431,432,433,601,602,
JON procr;65,66,67,68,69,70,71,72,381,382,383,384,385,386,387,388,389,390,425,426,427,428,429,430,431,432,433,598,
JON hinge ;65,66,70,384,385,386,387,388,389,390,391,425,426,427,428,429,430,431,432,433,435,598,
JON siderms;97,132,136,150,169,194,240,307,308,388,392,409,417,429,432,438,464,503,504,531,561,564,578,602,
JON sideav ;50,97,132,136,194,308,340,388,392,429,438,464,503,504,561,564,602,
JON maxd;97,132,136,150,168,169,194,240,308,388,392,409,417,429,432,438,464,503,504,531,564,578,


LG flexi;25,43,44,45,360,361,362,403,404,405,406,407,408,576,577,
LG procr;40,41,42,43,44,45,46,47,356,357,358,359,360,361,362,363,364,365,400,401,402,403,404,405,406,407,408,573,
LG hinge;40,41,45,359,360,361,362,363,364,365,366,400,401,402,403,404,405,406,407,408,410,573,
LG siderms;72,107,111,125,144,169,215,282,283,363,367,384,392,404,407,413,439,478,479,506,536,539,553,577,
LG sideav;25,72,107,111,169,283,315,363,367,404,413,439,478,479,536,539,577,
LG maxd;72,107,111,125,143,144,169,215,283,363,367,384,392,404,407,413,439,478,479,506,539,553,
