JON flexi;83,130,131,132,133,134,175,176,177,178,179,180,181,182,183,184,185,186,187,
JON procr;79,80,81,82,83,84,85,86,87,179,180,181,182,183,184,185,186,187,188,189,190,
JON hinge ;81,84,85,127,128,135,136,174,175,176,177,178,180,181,182,183,184,185,186,187,190,
JON siderms;56,61,102,119,125,168,176,184,187,193,222,242,253,298,337,342,399,496,522,
JON sideav ;61,102,119,125,138,168,176,187,188,193,337,342,399,457,522,553,
JON maxd;56,61,102,119,125,168,176,184,187,193,222,242,253,298,337,342,399,496,522,


LG flexi;58,105,106,107,108,109,150,151,152,153,154,155,156,157,158,159,160,161,162,
LG procr;54,55,56,57,58,59,60,61,62,154,155,156,157,158,159,160,161,162,163,164,165,
LG hinge;56,59,60,102,103,110,111,149,150,151,152,153,155,156,157,158,159,160,161,162,165,
LG siderms;31,36,77,94,100,143,151,159,162,168,197,217,228,273,312,317,374,471,497,
LG sideav;36,77,94,100,113,143,151,162,163,168,312,317,374,432,497,528,
LG maxd;31,36,77,94,100,143,151,159,162,168,197,217,228,273,312,317,374,471,497,
