JON flexi;411,412,413,414,415,416,419,420,421,422,515,516,517,518,519,520,
JON procr;395,396,397,398,399,400,408,409,410,423,424,425,512,513,514,515,516,
JON hinge ;398,408,409,410,411,412,423,424,512,513,514,515,516,
JON siderms;367,400,424,508,517,
JON sideav ;367,400,424,508,517,
JON maxd;367,400,508,517,


LG flexi;413,414,415,416,417,418,421,422,423,424,517,518,519,520,521,522,
LG procr;397,398,399,400,401,402,410,411,412,425,426,427,514,515,516,517,518,
LG hinge;400,410,411,412,413,414,425,426,514,515,516,517,518,
LG siderms;369,402,426,510,519,
LG sideav;369,402,426,510,519,
LG maxd;369,402,510,519,
