JON flexi;280,296,
JON procr;276,300,308,309,310,311,
JON hinge ;76,77,81,82,83,221,275,276,300,301,302,303,304,305,308,309,310,311,312,
JON siderms;167,220,279,280,305,309,316,
JON sideav ;167,220,252,279,280,305,307,316,
JON maxd;167,220,268,279,280,305,309,316,


LG flexi;277,293,
LG procr;273,297,305,306,307,308,
LG hinge;73,74,78,79,80,218,272,273,297,298,299,300,301,302,305,306,307,308,309,
LG siderms;164,217,276,277,302,306,313,
LG sideav;164,217,249,276,277,302,304,313,
LG maxd;164,217,265,276,277,302,306,313,
