JON flexi;26,27,28,29,30,31,32,33,34,48,49,65,77,78,98,99,113,114,115,157,158,159,160,161,309,365,371,372,373,374,375,376,
JON procr;34,35,81,96,97,98,99,100,101,110,111,112,113,114,115,116,117,118,154,155,156,157,160,161,305,306,307,308,309,310,311,312,313,341,342,343,344,375,376,377,378,379,
JON hinge ;31,81,96,101,102,112,113,114,117,118,156,306,307,308,312,341,342,343,375,376,377,378,
JON siderms;26,63,122,167,202,252,264,280,357,358,
JON sideav ;27,63,114,167,202,252,264,357,454,
JON maxd;26,63,122,167,202,252,264,280,357,358,


LG flexi;24,25,26,27,28,29,30,31,32,46,47,63,73,74,94,95,109,110,111,153,154,155,156,157,305,361,367,368,369,370,371,372,
LG procr;32,33,77,92,93,94,95,96,97,106,107,108,109,110,111,112,113,114,150,151,152,153,156,157,301,302,303,304,305,306,307,308,309,337,338,339,340,371,372,373,374,375,
LG hinge;29,77,92,97,98,108,109,110,113,114,152,302,303,304,308,337,338,339,371,372,373,374,
LG siderms;24,61,118,163,198,248,260,276,353,354,
LG sideav;25,61,110,163,198,248,260,353,450,
LG maxd;24,61,118,163,198,248,260,276,353,354,
