JON flexi;12,13,14,285,286,336,634,635,636,637,638,639,640,641,642,643,644,645,646,647,660,661,662,663,664,665,666,667,668,729,785,786,787,788,789,790,803,804,805,856,857,858,859,860,871,
JON procr;16,17,286,287,638,639,640,664,665,666,667,668,669,670,671,728,729,730,731,732,782,783,784,785,786,787,788,789,790,791,792,853,854,855,856,862,
JON hinge ;16,17,639,640,641,642,664,665,666,668,669,670,671,729,730,731,732,781,782,784,785,786,787,788,789,790,791,793,854,855,856,857,861,862,
JON siderms;160,174,183,219,248,275,637,641,672,678,
JON sideav ;160,174,219,248,275,353,637,641,662,672,678,750,867,
JON maxd;160,174,183,219,248,275,635,637,641,672,678,


LG flexi;12,13,14,285,286,336,634,635,636,637,638,639,640,641,642,643,644,645,646,647,660,661,662,663,664,665,666,667,668,729,785,786,787,788,789,790,803,804,805,856,857,858,859,860,871,
LG procr;16,17,286,287,638,639,640,664,665,666,667,668,669,670,671,728,729,730,731,732,782,783,784,785,786,787,788,789,790,791,792,853,854,855,856,862,
LG hinge;16,17,639,640,641,642,664,665,666,668,669,670,671,729,730,731,732,781,782,784,785,786,787,788,789,790,791,793,854,855,856,857,861,862,
LG siderms;160,174,183,219,248,275,637,641,672,678,
LG sideav;160,174,219,248,275,353,637,641,662,672,678,750,867,
LG maxd;160,174,183,219,248,275,635,637,641,672,678,
