JON flexi;58,59,60,157,158,244,245,246,267,268,269,270,271,272,273,274,275,276,
JON procr;55,56,57,58,59,60,61,62,63,240,241,242,243,244,245,246,247,248,266,267,268,269,270,271,272,273,274,275,276,277,
JON hinge ;56,57,58,60,61,62,63,98,99,105,111,114,115,120,130,131,132,137,138,155,156,241,242,244,245,246,247,249,250,267,268,269,272,273,274,277,278,279,
JON siderms;19,45,50,72,77,80,117,146,156,191,221,257,269,270,278,310,329,349,351,356,366,380,401,
JON sideav ;34,45,50,59,72,75,77,80,117,156,191,197,209,221,247,257,269,270,310,351,356,380,401,
JON maxd;19,45,50,77,80,117,146,156,199,200,221,257,269,270,278,310,329,349,351,356,366,380,401,


LG flexi;58,59,60,157,158,244,245,246,267,268,269,270,271,272,273,274,275,276,
LG procr;55,56,57,58,59,60,61,62,63,240,241,242,243,244,245,246,247,248,266,267,268,269,270,271,272,273,274,275,276,277,
LG hinge;56,57,58,60,61,62,63,98,99,105,111,114,115,120,130,131,132,137,138,155,156,241,242,244,245,246,247,249,250,267,268,269,272,273,274,277,278,279,
LG siderms;19,45,50,72,77,80,117,146,156,191,221,257,269,270,278,310,329,349,351,356,366,380,401,
LG sideav;34,45,50,59,72,75,77,80,117,156,191,197,209,221,247,257,269,270,310,351,356,380,401,
LG maxd;19,45,50,77,80,117,146,156,199,200,221,257,269,270,278,310,329,349,351,356,366,380,401,
