JON flexi;7,8,9,10,25,26,27,28,29,36,37,38,39,40,41,42,210,211,212,213,315,316,317,321,331,332,333,334,335,336,337,338,339,340,341,342,343,344,345,346,441,470,471,761,762,
JON procr;11,12,13,24,25,40,41,42,43,44,45,206,207,208,209,312,313,328,329,330,331,332,333,334,335,336,337,338,339,340,341,342,343,344,345,346,347,348,349,350,377,378,467,491,758,
JON hinge ;11,12,13,25,43,206,207,208,209,300,301,312,313,328,329,330,333,334,342,343,344,345,346,347,348,349,350,378,464,465,466,
JON siderms;8,24,36,74,144,208,243,257,278,301,334,335,337,364,378,414,538,592,634,657,711,752,
JON sideav ;8,36,74,144,208,243,257,301,335,337,364,378,414,418,483,485,538,592,634,657,752,
JON maxd;8,24,28,36,74,144,208,243,257,278,301,334,335,337,364,414,538,592,634,711,752,


LG flexi;348,349,350,351,366,367,368,369,370,377,378,379,380,381,382,383,551,552,553,554,656,657,658,662,672,673,674,675,676,677,678,679,680,681,682,683,684,685,686,687,782,811,812,1102,1103,
LG procr;352,353,354,365,366,381,382,383,384,385,386,547,548,549,550,653,654,669,670,671,672,673,674,675,676,677,678,679,680,681,682,683,684,685,686,687,688,689,690,691,718,719,808,832,1099,
LG hinge;352,353,354,366,384,547,548,549,550,641,642,653,654,669,670,671,674,675,683,684,685,686,687,688,689,690,691,719,805,806,807,
LG siderms;349,365,377,415,485,549,584,598,619,642,675,676,678,705,719,755,879,933,975,998,1052,1093,
LG sideav;349,377,415,485,549,584,598,642,676,678,705,719,755,759,824,826,879,933,975,998,1093,
LG maxd;349,365,369,377,415,485,549,584,598,619,642,675,676,678,705,755,879,933,975,1052,1093,
