JON flexi;1333,1334,1335,1336,1337,1338,1339,1340,1341,1599,1600,1601,1602,1603,1604,1605,1923,2635,2636,2637,2638,2639,2640,2641,2642,2643,2647,2648,2649,2650,2651,2652,2653,2654,2799,2800,2801,2802,2906,2909,2929,2930,2931,2932,2933,2934,2973,2974,3325,3326,3327,3328,3329,3330,3331,3613,3614,3846,4033,4034,4035,4036,4037,4038,4039,4040,4041,4042,4043,4044,4045,
JON procr;469,470,471,472,473,474,475,476,1337,1595,1596,1597,1606,1607,1608,1919,2632,2633,2636,2637,2638,2651,2652,2653,2654,2655,2656,2657,2795,2796,2797,2798,2799,2800,2801,2802,2803,2804,2805,2806,2902,2925,2926,2927,2928,2929,2930,2931,2932,2933,2934,2935,2936,2937,2938,2977,2978,3329,3330,3331,3332,3333,3334,3617,4037,4038,4039,4040,4041,
JON hinge ;1337,1595,1596,1597,1606,1607,1608,2631,2632,2633,2636,2637,2638,2652,2653,2654,2655,2656,2657,2796,2797,2798,2803,2804,2805,2806,2902,2926,2927,2928,2929,2930,2931,2932,2933,2934,2935,2936,2937,2938,2977,2978,3113,3329,3330,3331,3332,3333,3334,3618,3619,3620,3626,3627,4037,4038,4040,4041,
JON siderms;53,95,175,255,256,291,298,335,377,436,440,875,897,1104,1129,1218,1288,1360,1391,1392,1406,1428,1594,1598,1599,1600,1601,1602,1603,1604,1605,1876,1892,1922,1923,2278,2563,2634,2647,2654,2662,2800,2802,2820,2831,2844,2890,2904,2929,2930,2931,2932,2933,2934,2935,2942,2962,2980,2990,3077,3140,3325,3326,3330,3331,3453,3522,3530,3563,3564,3578,3617,3625,3649,3661,3807,3903,3931,3936,4012,4033,4034,4035,4036,4037,4038,4041,4043,4044,4045,
JON sideav ;255,436,440,450,897,1288,1333,1334,1335,1336,1337,1338,1339,1340,1341,1360,1428,1594,1598,1599,1600,1601,1602,1603,1604,1605,1876,1892,1922,1923,2090,2271,2563,2647,2654,2799,2802,2820,2831,2844,2904,2929,2930,2931,2932,2933,2934,2935,3028,3077,3325,3326,3330,3331,3453,3522,3530,3563,3578,3617,3625,3649,3807,3903,3965,4033,4034,4035,4036,4037,4038,4041,4043,4044,4045,
JON maxd;53,95,175,256,291,298,300,335,436,440,875,897,954,1029,1104,1129,1218,1232,1288,1360,1391,1392,1406,1428,1594,1598,1599,1600,1601,1602,1603,1604,1605,1831,1835,1876,1892,1922,1923,2278,2563,2647,2654,2662,2761,2802,2820,2831,2844,2890,2904,2929,2930,2934,2935,2942,2962,2965,2980,2990,3004,3077,3140,3325,3330,3331,3453,3522,3530,3537,3563,3564,3578,3617,3625,3649,3661,3807,3903,3931,3936,4012,4033,4034,4035,4036,4037,4038,4041,4043,4044,4045,4074,


LG flexi;1309,1310,1311,1312,1313,1314,1315,1316,1317,1599,1600,1601,1602,1603,1604,1605,1923,2635,2636,2637,2638,2639,2640,2641,2642,2643,2647,2648,2649,2650,2651,2652,2653,2654,2799,2800,2801,2802,2906,2909,2929,2930,2931,2932,2933,2934,2973,2974,3325,3326,3327,3328,3329,3330,3331,3613,3614,3846,4033,4034,4035,4036,4037,4038,4039,4040,4041,4042,4043,4044,4045,
LG procr;469,470,471,472,473,474,475,476,1313,1595,1596,1597,1606,1607,1608,1919,2632,2633,2636,2637,2638,2651,2652,2653,2654,2655,2656,2657,2795,2796,2797,2798,2799,2800,2801,2802,2803,2804,2805,2806,2902,2925,2926,2927,2928,2929,2930,2931,2932,2933,2934,2935,2936,2937,2938,2977,2978,3329,3330,3331,3332,3333,3334,3617,4037,4038,4039,4040,4041,
LG hinge;1313,1595,1596,1597,1606,1607,1608,2631,2632,2633,2636,2637,2638,2652,2653,2654,2655,2656,2657,2796,2797,2798,2803,2804,2805,2806,2902,2926,2927,2928,2929,2930,2931,2932,2933,2934,2935,2936,2937,2938,2977,2978,3113,3329,3330,3331,3332,3333,3334,3618,3619,3620,3626,3627,4037,4038,4040,4041,
LG siderms;53,95,175,255,256,291,298,335,377,436,440,875,897,1104,1129,1218,1288,1360,1391,1392,1406,1428,1594,1598,1599,1600,1601,1602,1603,1604,1605,1876,1892,1922,1923,2278,2563,2634,2647,2654,2662,2800,2802,2820,2831,2844,2890,2904,2929,2930,2931,2932,2933,2934,2935,2942,2962,2980,2990,3077,3140,3325,3326,3330,3331,3453,3522,3530,3563,3564,3578,3617,3625,3649,3661,3807,3903,3931,3936,4012,4033,4034,4035,4036,4037,4038,4041,4043,4044,4045,
LG sideav;255,436,440,450,897,1288,1309,1310,1311,1312,1313,1314,1315,1316,1317,1360,1428,1594,1598,1599,1600,1601,1602,1603,1604,1605,1876,1892,1922,1923,2090,2271,2563,2647,2654,2799,2802,2820,2831,2844,2904,2929,2930,2931,2932,2933,2934,2935,3028,3077,3325,3326,3330,3331,3453,3522,3530,3563,3578,3617,3625,3649,3807,3903,3965,4033,4034,4035,4036,4037,4038,4041,4043,4044,4045,
LG maxd;53,95,175,256,291,298,300,335,436,440,875,897,954,1029,1104,1129,1218,1232,1288,1360,1391,1392,1406,1428,1594,1598,1599,1600,1601,1602,1603,1604,1605,1831,1835,1876,1892,1922,1923,2278,2563,2647,2654,2662,2761,2802,2820,2831,2844,2890,2904,2929,2930,2934,2935,2942,2962,2965,2980,2990,3004,3077,3140,3325,3330,3331,3453,3522,3530,3537,3563,3564,3578,3617,3625,3649,3661,3807,3903,3931,3936,4012,4033,4034,4035,4036,4037,4038,4041,4043,4044,4045,4074,
