JON flexi;10,40,41,42,92,93,94,95,96,97,98,102,
JON procr;36,37,38,89,90,91,92,93,94,106,130,131,132,133,
JON hinge ;37,38,85,88,89,90,91,92,93,94,106,131,132,
JON siderms;25,46,52,89,94,102,107,109,139,153,780,886,
JON sideav ;46,52,89,94,102,109,112,139,153,780,886,
JON maxd;46,52,89,94,102,107,109,132,139,153,176,215,780,886,


LG flexi;60,90,91,92,142,143,144,145,146,147,148,152,
LG procr;86,87,88,139,140,141,142,143,144,156,180,181,182,183,
LG hinge;87,88,135,138,139,140,141,142,143,144,156,181,182,
LG siderms;75,96,102,139,144,152,157,159,189,203,831,937,
LG sideav;96,102,139,144,152,159,162,189,203,831,937,
LG maxd;96,102,139,144,152,157,159,182,189,203,226,265,831,937,
