JON flexi;210,211,212,213,214,215,216,217,218,238,239,240,241,242,243,244,245,382,429,430,431,432,433,434,435,436,543,544,545,
JON procr;171,172,173,174,206,207,208,209,210,211,212,213,214,242,243,244,245,246,247,248,249,375,376,378,433,434,435,436,437,439,539,540,541,
JON hinge ;41,92,170,171,172,173,174,175,207,209,210,211,212,213,214,242,243,244,245,246,247,248,249,250,251,252,255,257,265,268,269,364,365,368,375,376,378,434,435,541,
JON siderms;36,44,69,100,121,162,179,200,348,382,481,542,
JON sideav ;36,44,69,94,100,121,162,173,175,179,481,
JON maxd;36,44,69,100,121,162,179,200,348,382,453,481,542,


LG flexi;210,211,212,213,214,215,216,217,218,238,239,240,241,242,243,244,245,382,429,430,431,432,433,434,435,436,543,544,545,
LG procr;171,172,173,174,206,207,208,209,210,211,212,213,214,242,243,244,245,246,247,248,249,375,376,378,433,434,435,436,437,439,539,540,541,
LG hinge;41,92,170,171,172,173,174,175,207,209,210,211,212,213,214,242,243,244,245,246,247,248,249,250,251,252,255,257,265,268,269,364,365,368,375,376,378,434,435,541,
LG siderms;36,44,69,100,121,162,179,200,348,382,481,542,
LG sideav;36,44,69,94,100,121,162,173,175,179,481,
LG maxd;36,44,69,100,121,162,179,200,348,382,453,481,542,
