JON flexi;508,509,510,511,512,513,514,515,516,517,518,519,520,521,522,665,704,788,789,790,815,816,817,818,819,820,833,834,835,836,837,838,839,840,841,842,843,844,845,
JON procr;262,505,506,507,508,509,510,511,512,513,514,515,728,792,793,794,812,813,814,815,816,838,
JON hinge ;261,262,263,264,477,504,505,507,508,509,510,511,512,513,514,516,517,518,727,728,792,793,812,813,814,841,
JON siderms;107,117,260,373,492,511,628,667,738,739,
JON sideav ;107,117,238,260,267,373,492,509,510,511,522,617,628,667,738,789,
JON maxd;107,117,260,373,492,511,628,667,691,738,739,


LG flexi;508,509,510,511,512,513,514,515,516,517,518,519,520,521,522,665,704,788,789,790,815,816,817,818,819,820,833,834,835,836,837,838,839,840,841,842,843,844,845,
LG procr;262,505,506,507,508,509,510,511,512,513,514,515,728,792,793,794,812,813,814,815,816,838,
LG hinge;261,262,263,264,477,504,505,507,508,509,510,511,512,513,514,516,517,518,727,728,792,793,812,813,814,841,
LG siderms;107,117,260,373,492,511,628,667,738,739,
LG sideav;107,117,238,260,267,373,492,509,510,511,522,617,628,667,738,789,
LG maxd;107,117,260,373,492,511,628,667,691,738,739,
