JON flexi;11,12,13,14,15,16,34,40,41,42,43,44,45,46,47,48,49,50,51,52,104,105,106,111,112,113,114,115,116,117,600,612,613,614,615,616,617,618,619,639,640,665,
JON procr;15,16,17,18,19,20,44,45,46,47,48,49,50,51,52,53,54,55,67,81,102,115,116,118,119,604,609,610,611,617,618,619,620,621,622,636,637,638,639,640,641,642,643,644,647,648,649,650,651,652,
JON hinge ;15,44,45,46,47,48,49,51,52,53,56,80,81,101,102,115,116,291,387,388,397,398,636,637,640,643,
JON siderms;18,55,87,249,367,632,662,
JON sideav ;18,55,239,367,632,662,
JON maxd;18,55,87,249,367,632,662,


LG flexi;11,12,13,14,15,16,34,40,41,42,43,44,45,46,47,48,49,50,51,52,104,105,106,111,112,113,114,115,116,117,600,612,613,614,615,616,617,618,619,639,640,665,
LG procr;15,16,17,18,19,20,44,45,46,47,48,49,50,51,52,53,54,55,67,81,102,115,116,118,119,604,609,610,611,617,618,619,620,621,622,636,637,638,639,640,641,642,643,644,647,648,649,650,651,652,
LG hinge;15,44,45,46,47,48,49,51,52,53,56,80,81,101,102,115,116,291,387,388,397,398,636,637,640,643,
LG siderms;18,55,87,249,367,632,662,
LG sideav;18,55,239,367,632,662,
LG maxd;18,55,87,249,367,632,662,
