JON flexi;21,22,23,24,25,26,43,63,64,65,66,67,68,69,70,71,72,265,
JON procr;25,65,66,67,68,69,70,71,72,73,74,261,
JON hinge ;25,26,27,66,67,68,69,70,71,72,73,74,75,261,
JON siderms;70,129,199,211,218,227,
JON sideav ;62,70,129,199,211,218,227,
JON maxd;70,129,199,211,218,227,


LG flexi;66,67,68,69,70,71,88,108,109,110,111,112,113,114,115,116,117,310,
LG procr;70,110,111,112,113,114,115,116,117,118,119,306,
LG hinge;70,71,72,111,112,113,114,115,116,117,118,119,120,306,
LG siderms;115,174,244,256,263,272,
LG sideav;107,115,174,244,256,263,272,
LG maxd;115,174,244,256,263,272,
