JON flexi;34,35,36,37,78,79,88,89,266,351,496,497,498,499,
JON procr;74,75,92,93,355,493,494,495,496,497,498,499,500,501,502,503,541,
JON hinge ;39,40,74,75,92,342,343,344,355,493,494,496,497,498,499,501,502,577,
JON siderms;39,46,53,78,79,329,338,339,352,363,402,423,498,525,533,543,606,644,688,
JON sideav ;53,75,78,79,88,90,329,331,352,363,423,499,501,555,574,606,614,644,688,
JON maxd;34,39,53,78,79,329,338,339,352,363,402,423,498,525,533,543,606,644,662,688,


LG flexi;56,57,58,59,100,101,109,110,287,372,517,518,519,520,
LG procr;96,97,113,114,376,514,515,516,517,518,519,520,521,522,523,524,562,
LG hinge;61,62,96,97,113,363,364,365,376,514,515,517,518,519,520,522,523,598,
LG siderms;61,68,75,100,101,350,359,360,373,384,423,444,519,546,554,564,627,665,709,
LG sideav;75,97,100,101,109,111,350,352,373,384,444,520,522,576,595,627,635,665,709,
LG maxd;56,61,75,100,101,350,359,360,373,384,423,444,519,546,554,564,627,665,683,709,
