JON flexi;80,81,82,83,84,85,86,87,88,89,90,91,92,93,94,95,96,97,98,99,100,162,163,164,165,166,167,168,169,170,171,207,208,209,248,264,265,266,267,268,269,
JON procr;69,70,78,79,80,81,82,84,93,94,95,96,97,100,101,102,103,104,161,162,163,164,165,166,167,168,169,170,171,179,180,181,182,204,205,208,209,210,211,261,263,264,265,
JON hinge ;87,88,93,94,95,96,97,101,102,103,143,152,153,165,166,167,168,170,171,180,181,209,210,211,253,254,264,265,
JON siderms;52,53,69,97,156,167,178,235,269,419,
JON sideav ;53,69,97,235,269,419,
JON maxd;52,53,69,97,156,167,178,235,269,419,


LG flexi;39,40,41,42,43,44,45,46,47,48,49,50,51,52,53,54,55,56,57,58,59,121,122,123,124,125,126,127,128,129,130,166,167,168,207,223,224,225,226,227,228,
LG procr;28,29,37,38,39,40,41,43,52,53,54,55,56,59,60,61,62,63,120,121,122,123,124,125,126,127,128,129,130,138,139,140,141,163,164,167,168,169,170,220,222,223,224,
LG hinge;46,47,52,53,54,55,56,60,61,62,102,111,112,124,125,126,127,129,130,139,140,168,169,170,212,213,223,224,
LG siderms;11,12,28,56,115,126,137,194,228,378,
LG sideav;12,28,56,194,228,378,
LG maxd;11,12,28,56,115,126,137,194,228,378,
