JON flexi;12,41,42,43,44,45,46,47,85,86,87,88,89,90,91,147,159,185,196,197,198,228,229,230,354,355,
JON procr;37,38,39,40,41,42,43,44,45,46,47,48,49,50,89,90,91,92,93,163,171,172,181,182,183,184,185,186,187,188,351,
JON hinge ;44,89,90,96,97,98,112,171,172,173,185,186,187,351,
JON siderms;85,90,93,178,214,260,
JON sideav ;85,90,93,178,185,214,
JON maxd;85,90,93,178,214,260,


LG flexi;12,41,42,43,44,45,46,47,85,86,87,88,89,90,91,147,159,185,196,197,198,228,229,230,354,355,
LG procr;37,38,39,40,41,42,43,44,45,46,47,48,49,50,89,90,91,92,93,163,171,172,181,182,183,184,185,186,187,188,351,
LG hinge;44,89,90,96,97,98,112,171,172,173,185,186,187,351,
LG siderms;85,90,93,178,214,260,
LG sideav;85,90,93,178,185,214,
LG maxd;85,90,93,178,214,260,
