JON flexi;2,3,4,5,6,7,199,200,201,202,203,204,205,206,207,208,250,251,252,253,254,255,256,257,258,259,260,261,262,263,264,265,298,299,300,359,360,361,362,363,364,425,426,427,428,638,639,640,641,642,643,661,662,663,664,798,799,800,801,802,803,804,877,878,879,880,881,882,883,884,939,940,941,1221,1332,1333,1334,1335,1387,1388,1661,1853,1854,1855,1856,2252,2253,2254,2255,2256,2257,2258,2525,2526,2527,2528,2529,2530,2531,2532,2533,2534,2535,2536,2537,2538,2690,2691,2692,2816,2817,2818,2819,2922,2923,
JON procr;6,7,8,9,10,205,206,207,208,209,255,256,257,258,259,260,261,296,297,298,299,300,301,302,357,358,359,360,429,430,431,432,635,636,637,638,639,640,641,642,643,644,645,646,657,658,659,660,661,662,663,664,665,666,667,668,795,804,805,806,873,874,875,876,877,878,879,880,936,937,1329,1330,1331,1385,1386,1387,1388,1389,1390,1391,1658,1659,1660,1661,1662,1663,1858,2249,2250,2251,2252,2260,2530,2531,2532,2533,2534,2535,2536,2537,2538,2539,2540,2541,2694,2695,2813,2814,2815,2816,2817,2818,2819,2820,2821,2822,2920,2921,2922,2923,2924,3323,3324,3418,3419,
JON hinge ;203,254,355,356,429,430,431,432,437,438,439,440,637,638,639,642,643,644,645,646,658,659,660,661,664,665,666,667,795,804,805,806,807,808,874,875,877,878,879,880,937,1329,1330,1331,1359,1384,1385,1386,1389,1390,1391,1392,1658,1661,1663,1857,1858,1859,1860,2249,2250,2251,2252,2253,2257,2258,2259,2260,2261,2262,2529,2530,2531,2532,2538,2539,2540,2541,2694,2695,2696,2888,2889,3281,3282,3283,3316,3317,3318,3319,3323,3324,3325,3412,3413,3418,3419,3420,3421,
JON siderms;5,6,19,24,118,139,161,290,302,363,364,367,425,426,428,436,445,451,517,638,640,641,642,643,652,661,663,664,717,798,799,800,801,802,803,829,876,877,878,879,880,919,920,939,940,941,1001,1016,1156,1190,1221,1286,1303,1332,1334,1335,1342,1364,1388,1551,1609,1616,1639,1659,1666,1840,1862,1875,1941,1993,1999,2093,2176,2230,2238,2252,2259,2295,2535,2536,2537,2538,2540,2569,2574,2600,2681,2690,2691,2692,2708,2711,2748,2808,2816,2853,2895,2903,2912,2913,2937,3033,3101,3173,3280,3326,3386,3759,3802,
JON sideav ;5,6,15,19,139,161,290,302,358,362,363,364,425,426,427,428,436,506,517,518,638,640,641,642,643,661,663,664,717,798,799,800,801,802,803,804,829,876,877,878,879,880,919,939,940,941,1016,1159,1190,1221,1332,1334,1335,1364,1388,1609,1616,1639,1659,1666,1857,1862,1875,1941,1999,2252,2259,2535,2536,2537,2538,2540,2569,2690,2691,2692,2693,2708,2711,2808,2816,2817,2818,2912,2913,3033,3093,3173,3280,3324,3326,3386,3688,3824,
JON maxd;5,6,19,24,118,139,161,290,302,363,367,426,428,436,445,451,513,517,640,642,643,652,661,663,664,717,799,800,801,802,803,829,845,876,877,878,879,880,919,920,940,941,1001,1016,1137,1156,1190,1286,1303,1332,1334,1335,1342,1343,1364,1498,1551,1560,1609,1611,1616,1639,1659,1666,1840,1862,1875,1941,1966,1993,1999,2093,2148,2176,2230,2238,2259,2279,2295,2535,2537,2540,2564,2569,2574,2600,2681,2691,2692,2708,2711,2748,2758,2808,2853,2895,2903,2912,2913,2937,3033,3037,3101,3173,3326,3386,3759,3802,


LG flexi;284,285,286,287,288,289,481,482,483,484,485,486,487,488,489,490,532,533,534,535,536,537,538,539,540,541,542,543,544,545,546,547,580,581,582,641,642,643,644,645,646,707,708,709,710,920,921,922,923,924,925,943,944,945,946,1080,1081,1082,1083,1084,1085,1086,1159,1160,1161,1162,1163,1164,1165,1166,1221,1222,1223,1504,1615,1616,1617,1618,1670,1671,1944,2131,2132,2133,2134,2530,2531,2532,2533,2534,2535,2536,2803,2804,2805,2806,2807,2808,2809,2810,2811,2812,2813,2814,2815,2816,2968,2969,2970,3094,3095,3096,3097,3200,3201,
LG procr;288,289,290,291,292,487,488,489,490,491,537,538,539,540,541,542,543,578,579,580,581,582,583,584,639,640,641,642,711,712,713,714,917,918,919,920,921,922,923,924,925,926,927,928,939,940,941,942,943,944,945,946,947,948,949,950,1077,1086,1087,1088,1155,1156,1157,1158,1159,1160,1161,1162,1218,1219,1612,1613,1614,1668,1669,1670,1671,1672,1673,1674,1941,1942,1943,1944,1945,1946,2136,2527,2528,2529,2530,2538,2808,2809,2810,2811,2812,2813,2814,2815,2816,2817,2818,2819,2972,2973,3091,3092,3093,3094,3095,3096,3097,3098,3099,3100,3198,3199,3200,3201,3202,3601,3602,3696,3697,
LG hinge;485,536,637,638,711,712,713,714,719,720,721,722,919,920,921,924,925,926,927,928,940,941,942,943,946,947,948,949,1077,1086,1087,1088,1089,1090,1156,1157,1159,1160,1161,1162,1219,1612,1613,1614,1642,1667,1668,1669,1672,1673,1674,1675,1941,1944,1946,2135,2136,2137,2138,2527,2528,2529,2530,2531,2535,2536,2537,2538,2539,2540,2807,2808,2809,2810,2816,2817,2818,2819,2972,2973,2974,3166,3167,3559,3560,3561,3594,3595,3596,3597,3601,3602,3603,3690,3691,3696,3697,3698,3699,
LG siderms;287,288,301,306,400,421,443,572,584,645,646,649,707,708,710,718,727,733,799,920,922,923,924,925,934,943,945,946,999,1080,1081,1082,1083,1084,1085,1111,1158,1159,1160,1161,1162,1201,1202,1221,1222,1223,1283,1298,1438,1472,1504,1569,1586,1615,1617,1618,1625,1647,1671,1834,1892,1899,1922,1942,1949,2118,2140,2153,2219,2271,2277,2371,2454,2508,2516,2530,2537,2573,2813,2814,2815,2816,2818,2847,2852,2878,2959,2968,2969,2970,2986,2989,3026,3086,3094,3131,3173,3181,3190,3191,3215,3311,3379,3451,3558,3604,3664,4037,4080,
LG sideav;287,288,297,301,421,443,572,584,640,644,645,646,707,708,709,710,718,788,799,800,920,922,923,924,925,943,945,946,999,1080,1081,1082,1083,1084,1085,1086,1111,1158,1159,1160,1161,1162,1201,1221,1222,1223,1298,1441,1472,1504,1615,1617,1618,1647,1671,1892,1899,1922,1942,1949,2135,2140,2153,2219,2277,2530,2537,2813,2814,2815,2816,2818,2847,2968,2969,2970,2971,2986,2989,3086,3094,3095,3096,3190,3191,3311,3371,3451,3558,3602,3604,3664,3966,4102,
LG maxd;287,288,301,306,400,421,443,572,584,645,649,708,710,718,727,733,795,799,922,924,925,934,943,945,946,999,1081,1082,1083,1084,1085,1111,1127,1158,1159,1160,1161,1162,1201,1202,1222,1223,1283,1298,1419,1438,1472,1569,1586,1615,1617,1618,1625,1626,1647,1781,1834,1843,1892,1894,1899,1922,1942,1949,2118,2140,2153,2219,2244,2271,2277,2371,2426,2454,2508,2516,2537,2557,2573,2813,2815,2818,2842,2847,2852,2878,2959,2969,2970,2986,2989,3026,3036,3086,3131,3173,3181,3190,3191,3215,3311,3315,3379,3451,3604,3664,4037,4080,
