JON flexi;325,326,327,328,404,
JON procr;321,322,323,324,325,326,327,328,329,330,331,332,
JON hinge ;322,323,324,325,326,328,329,330,331,332,
JON siderms;231,256,296,317,326,327,328,329,388,398,488,
JON sideav ;49,137,188,231,296,317,326,327,328,329,404,
JON maxd;51,77,191,192,231,256,296,317,326,328,329,344,388,389,391,398,488,


LG flexi;325,326,327,328,404,
LG procr;321,322,323,324,325,326,327,328,329,330,331,332,
LG hinge;322,323,324,325,326,328,329,330,331,332,
LG siderms;231,256,296,317,326,327,328,329,388,398,424,
LG sideav;49,137,188,231,296,317,326,327,328,329,404,
LG maxd;51,77,191,192,231,256,296,317,326,328,329,344,388,389,391,398,424,
