JON flexi;680,681,682,683,684,1109,
JON procr;684,685,686,687,688,900,1105,
JON hinge ;576,579,580,684,685,686,687,688,807,808,809,810,898,899,900,901,909,911,1105,
JON siderms;96,141,159,437,506,668,814,884,992,1008,1077,1102,1226,1259,1276,
JON sideav ;96,141,159,437,506,578,583,611,612,810,814,992,1065,1073,1077,1102,1226,1238,1259,
JON maxd;96,141,159,437,506,668,814,884,992,1008,1077,1102,1226,1259,1276,


LG flexi;680,681,682,683,684,1109,
LG procr;684,685,686,687,688,900,1105,
LG hinge;576,579,580,684,685,686,687,688,807,808,809,810,898,899,900,901,909,911,1105,
LG siderms;96,141,159,437,506,668,814,884,992,1008,1077,1102,1228,1261,1278,
LG sideav;96,141,159,437,506,578,583,611,612,810,814,992,1065,1073,1077,1102,1228,1240,1261,
LG maxd;96,141,159,437,506,668,814,884,992,1008,1077,1102,1228,1261,1278,
