JON flexi;142,143,144,185,186,187,188,189,190,191,192,193,194,262,316,317,318,319,320,321,322,323,380,427,484,485,
JON procr;423,424,425,426,427,428,429,430,431,
JON hinge ;140,141,142,145,191,192,193,194,198,259,260,261,264,265,313,314,315,321,352,353,354,355,424,426,427,428,429,
JON siderms;36,139,148,160,175,187,227,330,357,381,390,407,427,436,437,482,
JON sideav ;36,139,140,148,160,175,185,187,190,227,330,381,407,427,437,482,
JON maxd;36,139,148,160,175,187,227,330,357,381,390,407,427,436,437,482,


LG flexi;142,143,144,185,186,187,188,189,190,191,192,193,194,262,316,317,318,319,320,321,322,323,380,427,484,485,
LG procr;423,424,425,426,427,428,429,430,431,
LG hinge;140,141,142,145,191,192,193,194,198,259,260,261,264,265,313,314,315,321,352,353,354,355,424,426,427,428,429,
LG siderms;36,139,148,160,175,187,227,330,357,381,390,407,427,436,437,482,
LG sideav;36,139,140,148,160,175,185,187,190,227,330,381,407,427,437,482,
LG maxd;36,139,148,160,175,187,227,330,357,381,390,407,427,436,437,482,
