JON flexi;62,63,129,130,136,137,138,139,140,141,142,143,144,145,238,239,240,241,242,243,244,245,246,247,248,249,250,251,252,253,254,255,256,257,258,259,260,261,262,263,264,265,266,267,268,291,292,293,294,333,334,394,503,551,552,553,554,555,556,557,558,559,567,568,569,570,571,572,573,574,575,576,577,578,579,580,581,582,583,584,585,840,841,889,893,960,969,970,1027,1028,1063,1064,1065,1066,1067,1068,1069,1070,1093,1094,1095,1096,1178,1179,1180,1380,1381,1445,1446,1447,1448,1449,
JON procr;66,67,74,75,241,242,243,244,245,246,247,248,253,254,255,256,257,258,259,260,261,288,289,290,390,555,576,577,578,579,580,581,634,635,636,637,638,639,808,809,810,844,845,885,956,973,974,1001,1002,1003,1004,1005,1059,1060,1061,1062,1063,1064,1065,1066,1067,1068,1091,1092,1093,1094,1095,1096,1097,1098,1099,1112,1113,1174,1175,1176,1177,1178,1179,1180,1181,1182,1183,1376,1377,1394,1395,1396,1422,1423,1424,1425,1426,1427,1428,1443,1444,1445,1446,1447,1448,1449,1450,1451,1452,1473,1474,
JON hinge ;66,103,289,290,555,579,580,581,808,809,844,973,974,1001,1002,1003,1004,1005,1021,1060,1061,1063,1064,1065,1066,1067,1089,1090,1094,1095,1096,1097,1098,1175,1176,1177,1178,1180,1181,1182,1183,1423,1424,1425,1426,1427,1443,1444,1445,1446,
JON siderms;72,98,110,123,229,230,235,238,247,258,273,279,345,350,352,368,388,436,445,448,486,553,557,572,584,653,679,707,711,731,809,812,827,849,929,942,947,970,978,1026,1049,1088,1099,1173,1175,1182,1296,1319,1329,1365,1397,1415,1426,
JON sideav ;72,74,98,110,123,235,238,247,258,273,279,345,350,352,368,388,445,448,553,557,572,576,584,653,707,711,722,731,812,849,929,947,970,978,1026,1049,1088,1099,1173,1175,1296,1319,1329,1415,1483,
JON maxd;72,98,110,123,229,238,247,258,273,279,342,345,352,368,388,389,436,448,553,557,572,653,679,707,711,731,809,827,849,929,942,947,970,978,1026,1049,1099,1175,1296,1319,1329,1397,1415,1455,


LG flexi;7,8,74,75,81,82,83,84,85,86,87,88,89,90,183,184,185,186,187,188,189,190,191,192,193,194,195,196,197,198,199,200,201,202,203,204,205,206,207,208,209,210,211,212,213,236,237,238,239,278,279,339,448,496,497,498,499,500,501,502,503,504,512,513,514,515,516,517,518,519,520,521,522,523,524,525,526,527,528,529,530,785,786,834,838,905,914,915,972,973,1008,1009,1010,1011,1012,1013,1014,1015,1038,1039,1040,1041,1123,1124,1125,1325,1326,1390,1391,1392,1393,1394,
LG procr;11,12,19,20,186,187,188,189,190,191,192,193,198,199,200,201,202,203,204,205,206,233,234,235,335,500,521,522,523,524,525,526,579,580,581,582,583,584,753,754,755,789,790,830,901,918,919,946,947,948,949,950,1004,1005,1006,1007,1008,1009,1010,1011,1012,1013,1036,1037,1038,1039,1040,1041,1042,1043,1044,1057,1058,1119,1120,1121,1122,1123,1124,1125,1126,1127,1128,1321,1322,1339,1340,1341,1367,1368,1369,1370,1371,1372,1373,1388,1389,1390,1391,1392,1393,1394,1395,1396,1397,1418,1419,
LG hinge;11,48,234,235,500,524,525,526,753,754,789,918,919,946,947,948,949,950,966,1005,1006,1008,1009,1010,1011,1012,1034,1035,1039,1040,1041,1042,1043,1120,1121,1122,1123,1125,1126,1127,1128,1368,1369,1370,1371,1372,1388,1389,1390,1391,
LG siderms;17,43,55,68,174,175,180,183,192,203,218,224,290,295,297,313,333,381,390,393,431,498,502,517,529,598,624,652,656,676,754,757,772,794,874,887,892,915,923,971,994,1033,1044,1118,1120,1127,1241,1264,1274,1310,1342,1360,1371,
LG sideav;17,19,43,55,68,180,183,192,203,218,224,290,295,297,313,333,390,393,498,502,517,521,529,598,652,656,667,676,757,794,874,892,915,923,971,994,1033,1044,1118,1120,1241,1264,1274,1360,1428,
LG maxd;17,43,55,68,174,183,192,203,218,224,287,290,297,313,333,334,381,393,498,502,517,598,624,652,656,676,754,772,794,874,887,892,915,923,971,994,1044,1120,1241,1264,1274,1342,1360,1400,
