JON flexi;70,71,72,73,74,75,76,77,
JON procr;70,71,72,73,74,75,76,77,78,79,80,
JON hinge ;68,69,70,71,72,73,74,75,76,77,78,79,
JON siderms;76,112,145,147,156,158,173,185,190,252,255,
JON sideav ;70,76,112,128,147,156,158,173,185,255,
JON maxd;112,145,147,156,158,173,185,190,252,255,


LG flexi;70,71,72,73,74,75,76,77,
LG procr;70,71,72,73,74,75,76,77,78,79,80,
LG hinge;68,69,70,71,72,73,74,75,76,77,78,79,
LG siderms;76,112,145,147,156,158,173,185,190,252,255,
LG sideav;70,76,112,128,147,156,158,173,185,255,
LG maxd;112,145,147,156,158,173,185,190,252,255,
