JON flexi;51,52,177,178,179,180,258,479,480,481,482,483,484,485,486,487,
JON procr;55,56,94,173,174,175,176,340,360,361,362,363,364,365,366,431,432,433,475,476,477,478,479,480,481,482,483,
JON hinge ;55,56,57,175,338,340,341,359,363,477,478,479,480,481,482,483,
JON siderms;59,114,261,336,359,371,374,377,381,393,484,
JON sideav ;59,144,179,336,363,371,377,473,479,483,484,
JON maxd;59,114,261,336,359,371,374,377,381,393,484,


LG flexi;51,52,177,178,179,180,256,477,478,479,480,481,482,483,484,485,
LG procr;55,56,94,173,174,175,176,338,358,359,360,361,362,363,364,429,430,431,473,474,475,476,477,478,479,480,481,
LG hinge;55,56,57,175,336,338,339,357,361,475,476,477,478,479,480,481,
LG siderms;59,114,259,334,357,369,372,375,379,391,482,
LG sideav;59,144,179,334,361,369,375,471,477,481,482,
LG maxd;59,114,259,334,357,369,372,375,379,391,482,
