JON flexi;197,256,257,258,259,260,261,
JON procr;194,195,196,197,198,199,200,201,228,229,252,253,254,255,256,257,
JON hinge ;117,194,198,199,218,220,222,223,253,257,
JON siderms;133,227,233,239,247,
JON sideav ;89,114,119,157,162,202,210,219,256,
JON maxd;133,227,233,239,247,


LG flexi;138,197,198,199,200,201,202,
LG procr;135,136,137,138,139,140,141,142,169,170,193,194,195,196,197,198,
LG hinge;58,135,139,140,159,161,163,164,194,198,
LG siderms;74,168,174,180,188,
LG sideav;30,55,60,98,103,143,151,160,197,
LG maxd;74,168,174,180,188,
