JON flexi;209,321,322,323,460,461,631,647,648,649,650,651,652,653,654,655,656,657,658,659,660,661,662,663,664,665,666,997,998,1055,1279,1280,1281,1282,1283,1286,1399,1434,
JON procr;205,317,318,319,392,393,394,456,457,627,651,652,653,654,655,656,657,658,659,660,661,662,942,943,944,945,946,947,948,1051,1065,1066,1156,1157,1158,1159,1160,1161,1162,1275,1276,1277,1278,1279,1290,1430,
JON hinge ;318,319,456,457,651,652,653,654,655,656,659,660,661,662,943,944,945,946,948,994,1051,1158,1276,1277,1278,1279,1404,1430,
JON siderms;153,158,165,190,290,321,322,323,455,460,461,618,630,647,649,658,660,832,849,951,956,992,1092,1123,1168,1169,1170,1280,1315,1338,1409,1410,1412,1414,1432,1434,1442,1443,
JON sideav ;58,153,158,165,190,290,321,322,323,392,455,460,461,618,630,647,649,658,660,832,849,946,956,1170,1279,1409,1410,1412,1414,1432,1434,1442,1443,
JON maxd;121,153,158,165,190,290,321,322,323,455,618,630,649,658,660,832,849,951,956,992,1092,1123,1168,1169,1170,1280,1315,1338,1409,1410,1412,1414,1432,1434,1442,1443,


LG flexi;209,321,322,323,460,461,631,647,648,649,650,651,652,653,654,655,656,657,658,659,660,661,662,663,664,665,666,997,998,1055,1279,1280,1281,1282,1283,1286,1399,1434,
LG procr;205,317,318,319,392,393,394,456,457,627,651,652,653,654,655,656,657,658,659,660,661,662,942,943,944,945,946,947,948,1051,1065,1066,1156,1157,1158,1159,1160,1161,1162,1275,1276,1277,1278,1279,1290,1430,
LG hinge;318,319,456,457,651,652,653,654,655,656,659,660,661,662,943,944,945,946,948,994,1051,1158,1276,1277,1278,1279,1404,1430,
LG siderms;153,158,165,190,290,321,322,323,455,460,461,618,630,647,649,658,660,832,849,951,956,992,1092,1123,1168,1169,1170,1280,1315,1338,1409,1410,1412,1414,1432,1434,1442,1443,
LG sideav;58,153,158,165,190,290,321,322,323,392,455,460,461,618,630,647,649,658,660,832,849,946,956,1170,1279,1409,1410,1412,1414,1432,1434,1442,1443,
LG maxd;121,153,158,165,190,290,321,322,323,455,618,630,649,658,660,832,849,951,956,992,1092,1123,1168,1169,1170,1280,1315,1338,1409,1410,1412,1414,1432,1434,1442,1443,
