JON flexi;28,29,30,221,222,223,471,472,
JON procr;32,33,34,218,219,220,221,222,223,224,225,467,468,469,470,471,472,473,474,475,
JON hinge ;32,33,34,219,220,221,224,227,241,242,245,246,247,248,406,407,408,468,469,471,472,473,474,
JON siderms;37,143,150,181,195,216,222,233,255,271,273,304,324,340,397,471,
JON sideav ;37,150,181,195,216,222,226,271,280,324,384,397,471,
JON maxd;37,143,150,181,195,216,222,233,255,271,273,304,324,340,397,471,


LG flexi;28,29,30,221,222,223,471,472,
LG procr;32,33,34,218,219,220,221,222,223,224,225,467,468,469,470,471,472,473,474,475,
LG hinge;32,33,34,219,220,221,224,227,241,242,245,246,247,248,406,407,408,468,469,471,472,473,474,
LG siderms;37,143,150,181,195,216,222,233,255,271,273,304,324,340,397,471,
LG sideav;37,150,181,195,216,222,226,271,280,324,384,397,471,
LG maxd;37,143,150,181,195,216,222,233,255,271,273,304,324,340,397,471,
