JON flexi;208,209,211,212,240,371,372,373,522,
JON procr;368,369,370,371,372,373,374,375,376,
JON hinge ;205,215,238,239,243,368,369,370,372,373,374,375,376,377,
JON siderms;24,29,111,148,166,187,240,252,305,358,378,483,
JON sideav ;24,29,107,166,211,240,305,358,378,439,522,
JON maxd;24,29,111,148,166,187,240,252,305,358,378,483,


LG flexi;208,209,211,212,240,371,372,373,522,
LG procr;368,369,370,371,372,373,374,375,376,
LG hinge;205,215,238,239,243,368,369,370,372,373,374,375,376,377,
LG siderms;24,29,111,148,166,187,240,252,305,358,378,483,
LG sideav;24,29,107,166,211,240,305,358,378,439,522,
LG maxd;24,29,111,148,166,187,240,252,305,358,378,483,
