JON flexi;26,27,28,29,30,31,32,33,34,404,405,406,407,408,409,410,411,412,413,414,
JON procr;30,31,32,33,34,35,36,37,38,94,95,96,97,98,184,185,186,187,188,408,409,410,
JON hinge ;31,32,33,36,37,38,53,54,55,85,86,98,100,186,187,188,271,408,409,410,
JON siderms;46,149,192,248,262,271,274,313,366,413,
JON sideav ;46,87,149,187,262,271,273,274,313,452,
JON maxd;46,149,192,248,262,271,274,313,366,413,


LG flexi;26,27,28,29,30,31,32,33,34,404,405,406,407,408,409,410,411,412,413,414,
LG procr;30,31,32,33,34,35,36,37,38,94,95,96,97,98,184,185,186,187,188,408,409,410,
LG hinge;31,32,33,36,37,38,53,54,55,85,86,98,100,186,187,188,271,408,409,410,
LG siderms;46,149,192,248,262,271,274,313,366,413,
LG sideav;46,87,149,187,262,271,273,274,313,452,
LG maxd;46,149,192,248,262,271,274,313,366,413,
