JON flexi;26,27,64,65,66,67,90,97,98,99,100,101,102,103,104,105,106,107,108,170,171,264,265,266,267,268,269,270,271,272,273,287,288,
JON procr;63,65,66,67,68,101,102,103,104,105,106,107,108,109,110,111,118,119,120,170,171,172,173,174,178,179,180,181,265,266,267,268,269,270,271,272,273,274,275,286,287,288,289,
JON hinge ;61,62,63,67,68,101,102,103,104,106,107,108,109,118,171,172,173,174,175,179,180,181,270,271,273,275,
JON siderms;49,101,171,174,190,194,245,313,
JON sideav ;101,144,170,171,174,194,245,273,313,
JON maxd;49,101,171,174,190,194,245,313,


LG flexi;26,27,64,65,66,67,90,97,98,99,100,101,102,103,104,105,106,107,108,170,171,264,265,266,267,268,269,270,271,272,273,287,288,
LG procr;63,65,66,67,68,101,102,103,104,105,106,107,108,109,110,111,118,119,120,170,171,172,173,174,178,179,180,181,265,266,267,268,269,270,271,272,273,274,275,286,287,288,289,
LG hinge;61,62,63,67,68,101,102,103,104,106,107,108,109,118,171,172,173,174,175,179,180,181,270,271,273,275,
LG siderms;49,101,171,174,190,194,245,313,
LG sideav;101,144,170,171,174,194,245,273,313,
LG maxd;49,101,171,174,190,194,245,313,
