JON flexi;44,45,46,47,48,49,50,61,62,63,64,65,400,401,402,403,404,405,406,407,408,409,410,411,
JON procr;41,42,43,44,45,46,47,48,49,50,51,52,58,59,60,61,62,63,64,65,66,67,68,398,399,400,401,402,403,404,405,406,407,
JON hinge ;37,38,41,42,43,44,45,46,48,50,51,52,53,54,57,58,59,60,66,67,68,69,397,398,399,402,403,404,405,406,407,
JON siderms;45,50,51,64,66,83,204,214,249,385,404,430,466,534,609,876,1446,1898,1901,2373,
JON sideav ;45,48,49,50,51,61,64,65,66,83,204,214,401,402,404,430,534,876,1446,1901,2373,
JON maxd;45,50,64,83,204,214,249,329,385,430,466,534,609,693,876,1446,1898,1901,2373,


LG flexi;44,45,46,47,48,49,50,61,62,63,64,65,400,401,402,403,404,405,406,407,408,409,410,411,
LG procr;41,42,43,44,45,46,47,48,49,50,51,52,58,59,60,61,62,63,64,65,66,67,68,398,399,400,401,402,403,404,405,406,407,
LG hinge;37,38,41,42,43,44,45,46,48,50,51,52,53,54,57,58,59,60,66,67,68,69,397,398,399,402,403,404,405,406,407,
LG siderms;45,50,51,64,66,83,204,214,249,385,404,430,466,534,609,876,1446,1898,1901,2375,
LG sideav;45,48,49,50,51,61,64,65,66,83,204,214,401,402,404,430,534,876,1446,1901,2375,
LG maxd;45,50,64,83,204,214,249,329,385,430,466,534,609,693,876,1446,1898,1901,2375,
