JON flexi;10,43,44,50,51,90,91,92,93,94,127,169,174,175,321,322,323,324,325,326,327,328,329,330,
JON procr;54,322,323,324,325,326,327,328,329,330,331,332,333,
JON hinge ;318,319,322,323,324,325,326,327,328,331,332,
JON siderms;12,104,159,182,192,239,270,282,342,343,346,
JON sideav ;12,104,159,192,225,270,282,342,343,346,
JON maxd;12,104,159,182,192,270,282,342,343,346,


LG flexi;10,43,44,50,51,90,91,92,93,94,127,169,174,175,321,322,323,324,325,326,327,328,329,330,
LG procr;54,322,323,324,325,326,327,328,329,330,331,332,333,
LG hinge;318,319,322,323,324,325,326,327,328,331,332,
LG siderms;12,104,159,182,192,239,270,282,342,343,346,
LG sideav;12,104,159,192,225,270,282,342,343,346,
LG maxd;12,104,159,182,192,270,282,342,343,346,
