JON flexi;29,30,56,57,58,59,60,61,62,63,64,65,66,67,68,69,70,71,72,113,114,115,159,160,161,162,163,164,165,166,167,168,417,418,
JON procr;25,26,27,28,29,30,31,32,33,55,111,112,113,114,115,116,158,159,160,161,162,163,164,165,166,168,169,170,171,414,
JON hinge ;26,27,28,29,30,31,32,53,54,55,56,61,62,63,64,65,110,160,163,165,166,169,170,171,
JON siderms;29,96,146,347,418,
JON sideav ;29,30,74,146,159,168,170,194,418,
JON maxd;29,96,146,347,418,


LG flexi;29,30,56,57,58,59,60,61,62,63,64,65,66,67,68,69,70,71,72,113,114,115,159,160,161,162,163,164,165,166,167,168,417,418,
LG procr;25,26,27,28,29,30,31,32,33,55,111,112,113,114,115,116,158,159,160,161,162,163,164,165,166,168,169,170,171,414,
LG hinge;26,27,28,29,30,31,32,53,54,55,56,61,62,63,64,65,110,160,163,165,166,169,170,171,
LG siderms;29,96,146,347,418,
LG sideav;29,30,74,146,159,168,170,194,418,
LG maxd;29,96,146,347,418,
