JON flexi;88,89,90,137,138,139,140,160,214,215,216,217,218,
JON procr;92,93,94,97,99,100,101,102,103,133,134,135,136,164,210,211,212,213,214,
JON hinge ;97,99,100,101,102,103,135,136,211,212,213,214,
JON siderms;43,138,165,213,216,217,
JON sideav ;43,134,138,213,216,217,
JON maxd;112,138,165,213,216,217,


LG flexi;127,128,129,176,177,178,179,199,253,254,255,256,257,
LG procr;131,132,133,136,138,139,140,141,142,172,173,174,175,203,249,250,251,252,253,
LG hinge;136,138,139,140,141,142,174,175,250,251,252,253,
LG siderms;82,177,204,252,255,256,
LG sideav;82,173,177,252,255,256,
LG maxd;151,177,204,252,255,256,
