JON flexi;107,108,109,110,111,112,113,114,528,
JON procr;111,112,113,114,115,116,117,118,
JON hinge ;111,112,114,118,
JON siderms;132,227,287,342,448,474,489,514,528,547,557,562,563,604,610,622,624,
JON sideav ;107,108,109,110,111,112,113,114,115,528,547,563,604,624,
JON maxd;132,227,287,342,448,474,489,514,523,528,541,547,557,562,563,604,610,622,624,


LG flexi;106,107,108,109,110,111,112,113,505,
LG procr;110,111,112,113,114,115,116,117,
LG hinge;110,111,113,117,
LG siderms;131,226,286,341,425,451,466,491,505,524,534,539,540,581,587,599,601,
LG sideav;106,107,108,109,110,111,112,113,114,505,524,540,581,601,
LG maxd;131,226,286,341,425,451,466,491,500,505,518,524,534,539,540,581,587,599,601,
