JON flexi;1234,1235,1236,1237,1238,1239,1240,1241,1242,1350,1351,1352,1353,1354,1355,1356,1357,1358,1359,1457,1458,1459,1460,1461,1462,1562,
JON procr;303,304,305,306,310,311,312,313,407,743,744,745,746,747,748,749,750,751,752,753,793,1238,1354,1355,1452,1453,1454,1455,1456,1457,1458,1557,1558,
JON hinge ;303,304,305,306,310,311,312,313,744,745,746,747,748,750,751,752,753,754,793,1238,1354,1355,1454,1455,1558,
JON siderms;35,85,89,219,304,307,310,342,391,411,413,424,453,533,537,540,558,581,597,611,740,747,750,751,752,754,758,767,782,797,847,874,878,905,912,946,950,957,960,1125,1149,1189,1238,1287,1295,1299,1307,1319,1352,1435,1456,1457,1459,1460,1461,1462,1463,1470,1487,1494,1509,1554,1561,1568,1796,1837,1867,1880,1923,1951,1981,
JON sideav ;213,304,310,411,424,533,740,750,751,946,950,1125,1149,1234,1236,1238,1239,1240,1350,1351,1353,1354,1355,1356,1357,1358,1359,1457,1459,1460,1461,1462,1562,1588,1664,1864,
JON maxd;35,85,89,219,304,307,310,391,411,413,424,431,453,533,540,558,581,597,611,740,750,751,752,754,758,774,782,797,847,874,878,905,912,946,949,950,960,1125,1149,1186,1189,1238,1287,1295,1299,1307,1319,1352,1435,1456,1459,1461,1462,1463,1470,1487,1494,1509,1554,1796,1837,1867,1880,1923,1981,


LG flexi;2220,2221,2222,2223,2224,2225,2226,2227,2228,2328,2329,2330,2331,2332,2333,2334,2335,2336,2337,2419,2420,2421,2422,2423,2424,2524,
LG procr;1228,1229,1230,1231,1235,1236,1237,1238,1332,1705,1706,1707,1708,1709,1710,1711,1712,1713,1714,1715,1755,2224,2332,2333,2414,2415,2416,2417,2418,2419,2420,2519,2520,
LG hinge;1228,1229,1230,1231,1235,1236,1237,1238,1706,1707,1708,1709,1710,1712,1713,1714,1715,1716,1755,2224,2332,2333,2416,2417,2520,
LG siderms;967,1017,1021,1151,1229,1232,1235,1267,1316,1336,1337,1348,1377,1495,1499,1502,1520,1543,1559,1573,1702,1709,1712,1713,1714,1716,1720,1729,1744,1759,1809,1836,1840,1867,1874,1908,1912,1919,1922,2087,2111,2151,2224,2249,2257,2261,2269,2281,2330,2397,2418,2419,2421,2422,2423,2424,2425,2432,2449,2456,2471,2516,2523,2530,2758,2799,2829,2842,2885,2913,2943,
LG sideav;1145,1229,1235,1336,1348,1495,1702,1712,1713,1908,1912,2087,2111,2220,2222,2224,2225,2226,2328,2329,2331,2332,2333,2334,2335,2336,2337,2419,2421,2422,2423,2424,2524,2550,2626,2826,
LG maxd;967,1017,1021,1151,1229,1232,1235,1316,1336,1337,1348,1355,1377,1495,1502,1520,1543,1559,1573,1702,1712,1713,1714,1716,1720,1736,1744,1759,1809,1836,1840,1867,1874,1908,1911,1912,1922,2087,2111,2148,2151,2224,2249,2257,2261,2269,2281,2330,2397,2418,2421,2423,2424,2425,2432,2449,2456,2471,2516,2758,2799,2829,2842,2885,2943,
