JON flexi;75,76,77,95,96,97,98,99,100,101,102,103,104,122,123,124,125,126,177,178,200,201,202,203,204,205,206,207,271,283,284,285,286,287,288,289,382,398,399,400,401,402,403,404,405,409,410,445,446,456,457,458,459,638,639,640,641,642,643,644,645,675,676,677,678,679,680,681,705,718,722,723,724,741,742,748,749,750,751,752,753,754,755,756,757,758,759,760,761,762,
JON procr;99,119,120,121,122,123,124,125,126,127,128,285,401,441,442,443,444,445,446,447,448,449,636,637,638,639,640,641,642,643,644,645,646,647,738,760,761,762,763,764,765,
JON hinge ;120,121,122,125,126,127,128,190,191,198,274,285,286,442,637,638,639,642,643,647,759,760,761,762,763,764,765,
JON siderms;102,159,177,178,423,458,492,649,651,766,
JON sideav ;96,102,159,177,266,384,423,639,643,651,
JON maxd;102,159,177,178,285,423,492,532,649,651,766,


LG flexi;23,24,25,43,44,45,46,47,48,49,50,51,52,70,71,72,73,74,125,126,148,149,150,151,152,153,154,155,219,231,232,233,234,235,236,237,330,346,347,348,349,350,351,352,353,357,358,393,394,404,405,406,407,586,587,588,589,590,591,592,593,623,624,625,626,627,628,629,653,666,670,671,672,689,690,696,697,698,699,700,701,702,703,704,705,706,707,708,709,710,
LG procr;47,67,68,69,70,71,72,73,74,75,76,233,349,389,390,391,392,393,394,395,396,397,584,585,586,587,588,589,590,591,592,593,594,595,686,708,709,710,711,712,713,
LG hinge;68,69,70,73,74,75,76,138,139,146,222,233,234,390,585,586,587,590,591,595,707,708,709,710,711,712,713,
LG siderms;50,107,125,126,371,406,440,597,599,714,
LG sideav;44,50,107,125,214,332,371,587,591,599,
LG maxd;50,107,125,126,233,371,440,480,597,599,714,
