JON flexi;414,415,416,417,418,419,420,421,422,423,424,425,426,747,748,749,750,751,752,753,754,755,778,779,780,781,782,784,794,795,798,799,800,801,802,840,841,
JON procr;418,419,420,421,422,626,627,628,646,647,648,649,650,661,662,663,664,665,751,775,776,777,778,788,791,802,803,804,805,815,817,818,819,820,830,831,832,836,837,
JON hinge ;421,627,628,629,647,648,649,661,662,663,664,665,775,776,777,778,815,816,817,818,819,820,821,830,831,832,833,837,
JON siderms;125,130,161,198,599,784,811,930,971,998,1014,
JON sideav ;125,161,198,425,426,599,779,782,784,798,811,971,998,
JON maxd;125,130,161,198,599,784,800,811,971,998,1014,


LG flexi;414,415,416,417,418,419,420,421,422,423,424,425,426,747,748,749,750,751,752,753,754,755,778,779,780,781,782,784,794,795,798,799,800,801,802,840,841,
LG procr;418,419,420,421,422,626,627,628,646,647,648,649,650,661,662,663,664,665,751,775,776,777,778,788,791,802,803,804,805,815,817,818,819,820,830,831,832,836,837,
LG hinge;421,627,628,629,647,648,649,661,662,663,664,665,775,776,777,778,815,816,817,818,819,820,821,830,831,832,833,837,
LG siderms;125,130,161,198,599,784,811,930,971,998,1014,
LG sideav;125,161,198,425,426,599,779,782,784,798,811,971,998,
LG maxd;125,130,161,198,599,784,800,811,971,998,1014,
