JON flexi;489,490,492,493,557,558,559,560,561,562,563,564,565,641,642,643,644,645,646,675,
JON procr;486,496,559,560,561,562,563,564,565,566,567,639,640,641,642,645,646,647,648,649,650,
JON hinge ;496,559,562,564,566,567,639,640,641,642,643,645,646,647,648,
JON siderms;490,492,493,548,563,564,577,627,
JON sideav ;490,492,493,563,564,577,645,646,
JON maxd;492,493,504,548,563,564,577,627,672,


LG flexi;468,469,471,472,536,537,538,539,540,541,542,543,544,620,621,622,623,624,625,654,
LG procr;465,475,538,539,540,541,542,543,544,545,546,618,619,620,621,624,625,626,627,628,629,
LG hinge;475,538,541,543,545,546,618,619,620,621,622,624,625,626,627,
LG siderms;469,471,472,527,542,543,556,606,
LG sideav;469,471,472,542,543,556,624,625,
LG maxd;471,472,483,527,542,543,556,606,651,
