JON flexi;99,216,218,219,220,221,222,223,224,225,226,227,228,229,565,566,592,593,594,603,604,617,618,619,620,621,622,623,624,625,662,663,664,665,666,667,668,669,670,671,672,673,674,675,676,677,678,679,680,681,
JON procr;70,71,95,222,223,224,225,569,614,615,616,617,618,619,622,660,661,665,666,667,668,669,670,671,672,673,674,675,676,677,
JON hinge ;70,222,223,619,620,655,659,660,664,667,668,669,670,671,672,
JON siderms;27,53,63,98,120,123,137,181,216,653,664,670,
JON sideav ;27,53,63,120,123,137,181,216,653,670,
JON maxd;27,53,98,120,123,137,181,216,653,664,670,


LG flexi;99,216,218,219,220,221,222,223,224,225,226,227,228,229,565,566,592,593,594,603,604,617,618,619,620,621,622,623,624,625,662,663,664,665,666,667,668,669,670,671,672,673,674,675,676,677,678,679,680,681,
LG procr;70,71,95,222,223,224,225,569,614,615,616,617,618,619,622,660,661,665,666,667,668,669,670,671,672,673,674,675,676,677,
LG hinge;70,222,223,619,620,655,659,660,664,667,668,669,670,671,672,
LG siderms;27,53,63,98,120,123,137,181,216,653,664,670,
LG sideav;27,53,63,120,123,137,181,216,653,670,
LG maxd;27,53,98,120,123,137,181,216,653,664,670,
