JON flexi;19,20,21,22,23,24,25,26,27,28,29,30,31,32,33,34,35,36,37,38,39,40,41,45,182,335,336,337,338,339,340,341,342,343,365,
JON procr;23,24,25,26,27,28,29,30,31,32,35,36,37,178,260,261,262,331,332,333,334,335,336,337,338,339,361,
JON hinge ;23,30,35,37,166,238,242,243,256,257,259,260,261,262,263,332,333,334,335,336,337,
JON siderms;39,41,107,156,233,241,262,269,285,345,
JON sideav ;41,107,233,241,262,269,285,345,
JON maxd;39,41,107,156,233,241,262,269,285,


LG flexi;19,20,21,22,23,24,25,26,27,28,29,30,31,32,33,34,35,36,37,38,39,40,41,45,182,335,336,337,338,339,340,341,342,343,365,
LG procr;23,24,25,26,27,28,29,30,31,32,35,36,37,178,260,261,262,331,332,333,334,335,336,337,338,339,361,
LG hinge;23,30,35,37,166,238,242,243,256,257,259,260,261,262,263,332,333,334,335,336,337,
LG siderms;39,41,107,156,233,241,262,269,285,345,
LG sideav;41,107,233,241,262,269,285,345,
LG maxd;39,41,107,156,233,241,262,269,285,
