JON flexi;66,172,173,174,175,176,177,178,179,180,181,182,183,184,236,348,349,350,351,352,353,354,
JON procr;181,182,183,232,233,234,235,236,237,238,239,240,350,351,352,353,354,355,356,357,
JON hinge ;170,182,183,187,233,234,235,236,237,238,239,240,349,356,365,
JON siderms;99,104,128,182,183,203,222,258,312,318,320,323,366,411,
JON sideav ;99,172,182,183,222,236,267,312,320,323,411,
JON maxd;99,104,128,182,183,195,203,222,258,312,318,320,323,366,411,


LG flexi;3,109,110,111,112,113,114,115,116,117,118,119,120,121,173,285,286,287,288,289,290,291,
LG procr;118,119,120,169,170,171,172,173,174,175,176,177,287,288,289,290,291,292,293,294,
LG hinge;107,119,120,124,170,171,172,173,174,175,176,177,286,293,302,
LG siderms;36,41,65,119,120,140,159,195,249,255,257,260,303,348,
LG sideav;36,109,119,120,159,173,204,249,257,260,348,
LG maxd;36,41,65,119,120,132,140,159,195,249,255,257,260,303,348,
