JON flexi;137,312,466,467,493,494,495,496,497,498,499,500,501,502,535,536,537,538,
JON procr;73,74,75,76,77,78,133,284,285,286,287,288,289,308,470,471,491,492,493,494,495,496,497,498,514,515,516,519,539,
JON hinge ;75,76,78,80,133,234,261,262,284,285,286,290,308,470,471,489,490,492,493,494,495,496,497,498,509,510,514,515,518,519,539,632,
JON siderms;167,467,495,544,554,572,632,651,663,682,765,939,962,997,
JON sideav ;118,467,495,544,554,572,651,663,682,700,939,962,966,997,
JON maxd;167,467,495,544,554,572,632,651,663,682,765,939,962,997,


LG flexi;137,312,466,467,493,494,495,496,497,498,499,500,501,502,535,536,537,538,
LG procr;73,74,75,76,77,78,133,284,285,286,287,288,289,308,470,471,491,492,493,494,495,496,497,498,514,515,516,519,539,
LG hinge;75,76,78,80,133,234,261,262,284,285,286,290,308,470,471,489,490,492,493,494,495,496,497,498,509,510,514,515,518,519,539,632,
LG siderms;167,467,495,544,554,572,632,651,663,682,765,939,962,997,
LG sideav;118,467,495,544,554,572,651,663,682,700,939,962,966,997,
LG maxd;167,467,495,544,554,572,632,651,663,682,765,939,962,997,
