JON flexi;4,24,169,170,173,174,175,176,177,178,179,291,292,293,294,295,296,297,298,299,979,980,981,983,984,1073,1144,1318,
JON procr;8,28,68,69,70,71,72,73,74,75,96,97,98,99,100,112,113,114,118,119,143,144,145,146,147,148,149,165,166,177,178,179,180,181,182,192,193,194,195,287,288,289,290,291,292,293,294,975,976,977,987,988,1069,1314,
JON hinge ;8,61,62,63,64,65,68,69,70,71,78,79,80,96,97,98,99,100,101,108,109,111,113,114,117,118,119,144,145,146,147,166,177,178,180,181,182,183,191,195,199,200,201,234,240,241,244,245,288,289,290,291,293,294,295,871,872,931,935,975,976,977,987,988,1082,1148,
JON siderms;5,14,24,45,59,70,71,72,81,109,121,134,143,150,156,157,178,182,222,224,235,238,253,267,269,287,350,372,451,524,528,575,637,666,906,907,913,915,954,958,968,978,981,983,1080,1144,1146,1207,1315,1318,1363,
JON sideav ;5,14,24,45,59,70,72,81,109,121,134,143,150,156,178,182,222,224,235,238,267,287,350,524,528,575,637,666,881,906,907,915,954,968,978,981,983,1080,1144,1146,1207,1315,1318,1355,1363,
JON maxd;5,7,14,26,45,59,63,70,71,72,81,109,121,134,143,150,156,157,178,182,222,224,235,238,253,267,269,287,372,524,528,575,637,666,906,907,913,954,958,962,968,978,983,1080,1144,1146,1207,1272,1315,1363,


LG flexi;4,24,169,170,173,174,175,176,177,178,179,291,292,293,294,295,296,297,298,299,979,980,981,983,984,1073,1144,1318,
LG procr;8,28,68,69,70,71,72,73,74,75,96,97,98,99,100,112,113,114,118,119,143,144,145,146,147,148,149,165,166,177,178,179,180,181,182,192,193,194,195,287,288,289,290,291,292,293,294,975,976,977,987,988,1069,1314,
LG hinge;8,61,62,63,64,65,68,69,70,71,78,79,80,96,97,98,99,100,101,108,109,111,113,114,117,118,119,144,145,146,147,166,177,178,180,181,182,183,191,195,199,200,201,234,240,241,244,245,288,289,290,291,293,294,295,871,872,931,935,975,976,977,987,988,1082,1148,
LG siderms;5,14,24,45,59,70,71,72,81,109,121,134,143,150,156,157,178,182,222,224,235,238,253,267,269,287,350,372,451,524,528,575,637,666,906,907,913,915,954,958,968,978,981,983,1080,1144,1146,1207,1315,1318,1363,
LG sideav;5,14,24,45,59,70,72,81,109,121,134,143,150,156,178,182,222,224,235,238,267,287,350,524,528,575,637,666,881,906,907,915,954,968,978,981,983,1080,1144,1146,1207,1315,1318,1355,1363,
LG maxd;5,7,14,26,45,59,63,70,71,72,81,109,121,134,143,150,156,157,178,182,222,224,235,238,253,267,269,287,372,524,528,575,637,666,906,907,913,954,958,962,968,978,983,1080,1144,1146,1207,1272,1315,1363,
