JON flexi;225,260,261,262,274,275,276,277,278,359,392,393,394,395,396,397,398,399,400,401,402,432,433,434,435,436,437,469,470,471,488,500,515,516,517,518,519,546,547,548,549,
JON procr;257,258,259,260,261,262,263,264,272,273,394,395,396,435,436,466,467,468,469,470,471,472,473,474,
JON hinge ;257,258,259,260,262,263,264,272,273,274,279,280,396,430,431,435,436,437,466,467,471,472,
JON siderms;193,225,260,263,295,371,390,403,422,442,465,470,489,513,1171,
JON sideav ;193,225,260,295,371,390,403,422,442,465,470,489,513,1171,
JON maxd;193,225,260,263,295,371,390,403,422,442,465,489,1171,


LG flexi;225,260,261,262,274,275,276,277,278,359,392,393,394,395,396,397,398,399,400,401,402,432,433,434,435,436,437,469,470,471,488,500,515,516,517,518,519,546,547,548,549,
LG procr;257,258,259,260,261,262,263,264,272,273,394,395,396,435,436,466,467,468,469,470,471,472,473,474,
LG hinge;257,258,259,260,262,263,264,272,273,274,279,280,396,430,431,435,436,437,466,467,471,472,
LG siderms;193,225,260,263,295,371,390,403,422,442,465,470,489,513,1115,
LG sideav;193,225,260,295,371,390,403,422,442,465,470,489,513,1115,
LG maxd;193,225,260,263,295,371,390,403,422,442,465,489,1115,
