JON flexi;285,286,287,288,289,290,291,292,336,
JON procr;281,282,283,284,285,286,287,288,289,290,
JON hinge ;283,284,285,286,287,288,289,290,291,294,295,
JON siderms;285,286,287,292,294,862,882,909,1157,1162,1170,
JON sideav ;285,286,292,294,862,882,909,1157,1172,
JON maxd;45,277,285,286,292,294,862,881,882,885,909,1157,1162,1168,1170,


LG flexi;356,357,358,359,360,361,362,363,407,
LG procr;352,353,354,355,356,357,358,359,360,361,
LG hinge;354,355,356,357,358,359,360,361,362,365,366,
LG siderms;356,357,358,363,365,844,864,891,1066,1071,1079,
LG sideav;356,357,363,365,844,864,891,1066,1081,
LG maxd;116,348,356,357,363,365,844,863,864,867,891,1066,1071,1077,1079,
