JON flexi;76,77,78,79,80,81,82,83,84,85,86,106,131,132,133,298,299,300,301,302,328,329,330,331,332,333,334,335,
JON procr;295,296,297,298,299,300,301,302,303,304,325,326,327,328,329,330,331,332,333,334,335,
JON hinge ;130,131,299,300,303,304,305,325,326,327,328,329,330,331,332,333,334,336,
JON siderms;106,136,254,276,305,318,359,
JON sideav ;106,136,254,276,305,318,
JON maxd;106,136,254,276,305,318,359,


LG flexi;275,276,277,278,279,280,281,282,283,284,285,305,330,331,332,497,498,499,500,501,527,528,529,530,531,532,533,534,
LG procr;494,495,496,497,498,499,500,501,502,503,524,525,526,527,528,529,530,531,532,533,534,
LG hinge;329,330,498,499,502,503,504,524,525,526,527,528,529,530,531,532,533,535,
LG siderms;305,335,453,475,504,517,558,
LG sideav;305,335,453,475,504,517,
LG maxd;305,335,453,475,504,517,558,
