JON flexi;128,129,130,131,132,133,134,135,136,137,138,139,140,141,
JON procr;124,125,126,127,128,137,
JON hinge ;123,124,125,126,127,128,137,266,
JON siderms;119,133,210,212,228,237,266,279,322,408,412,425,427,499,698,
JON sideav ;49,82,111,125,127,129,132,133,134,136,137,139,141,262,358,408,425,603,697,
JON maxd;133,210,212,228,237,266,279,322,408,412,425,427,432,482,613,698,


LG flexi;136,137,138,139,140,149,150,151,152,153,154,155,156,157,
LG procr;132,133,134,135,136,153,
LG hinge;131,132,133,134,135,136,153,319,
LG siderms;127,149,263,265,281,290,319,332,375,461,465,478,480,552,751,
LG sideav;57,90,119,133,135,137,140,149,150,152,153,155,157,315,411,461,478,656,750,
LG maxd;149,263,265,281,290,319,332,375,461,465,478,480,485,535,666,751,
