JON flexi;121,122,187,222,223,224,225,226,227,228,347,369,
JON procr;125,126,191,219,220,221,222,223,224,225,226,227,228,229,
JON hinge ;110,125,126,139,140,144,145,146,220,221,222,224,225,227,228,230,231,232,
JON siderms;78,83,97,111,121,187,207,299,302,304,
JON sideav ;78,97,121,187,189,299,302,304,
JON maxd;78,83,97,111,187,207,299,302,304,


LG flexi;121,122,187,222,223,224,225,226,227,228,347,369,
LG procr;125,126,191,219,220,221,222,223,224,225,226,227,228,229,
LG hinge;110,125,126,139,140,144,145,146,220,221,222,224,225,227,228,230,231,232,
LG siderms;78,83,97,111,121,187,207,299,302,304,
LG sideav;78,97,121,187,189,299,302,304,
LG maxd;78,83,97,111,187,207,299,302,304,
