JON flexi;8,37,38,95,97,233,234,235,236,237,255,256,257,281,282,386,387,388,389,390,394,395,396,397,398,399,400,401,402,724,725,726,727,898,899,900,901,902,903,904,905,906,907,908,909,944,947,948,949,950,951,952,953,954,955,956,957,981,982,983,984,985,986,987,988,
JON procr;41,91,101,206,207,208,230,231,232,233,234,235,236,237,238,239,240,252,253,254,255,256,257,258,259,260,261,278,368,369,370,371,372,373,382,383,384,385,386,398,667,668,669,678,679,680,721,722,905,908,909,912,951,952,953,954,955,956,957,958,959,960,978,979,984,
JON hinge ;101,206,207,229,230,231,232,234,235,236,239,240,252,253,254,256,257,258,259,260,261,278,386,673,678,679,680,681,907,940,951,952,979,980,984,
JON siderms;95,129,204,228,432,563,613,687,700,702,923,949,963,1308,1361,
JON sideav ;78,95,97,129,204,228,257,432,563,613,700,702,923,949,1361,
JON maxd;95,129,204,228,432,563,613,687,700,702,923,949,963,1308,1361,1372,


LG flexi;8,37,38,95,97,233,234,235,236,237,255,256,257,281,282,386,387,388,389,390,394,395,396,397,398,399,400,401,402,724,725,726,727,898,899,900,901,902,903,904,905,906,907,908,909,944,947,948,949,950,951,952,953,954,955,956,957,981,982,983,984,985,986,987,988,
LG procr;41,91,101,206,207,208,230,231,232,233,234,235,236,237,238,239,240,252,253,254,255,256,257,258,259,260,261,278,368,369,370,371,372,373,382,383,384,385,386,398,667,668,669,678,679,680,721,722,905,908,909,912,951,952,953,954,955,956,957,958,959,960,978,979,984,
LG hinge;101,206,207,229,230,231,232,234,235,236,239,240,252,253,254,256,257,258,259,260,261,278,386,673,678,679,680,681,907,940,951,952,979,980,984,
LG siderms;95,129,204,228,432,563,613,687,700,702,923,949,963,1308,1361,
LG sideav;78,95,97,129,204,228,257,432,563,613,700,702,923,949,1361,
LG maxd;95,129,204,228,432,563,613,687,700,702,923,949,963,1308,1361,1372,
