JON flexi;37,38,39,192,193,259,260,356,357,358,359,360,361,362,363,364,365,366,367,428,429,430,431,432,433,434,435,436,437,438,439,440,441,442,443,533,534,535,
JON procr;41,353,354,355,356,357,358,359,360,361,362,363,364,431,432,437,438,439,440,441,442,443,444,
JON hinge ;354,355,356,357,358,359,360,361,362,363,364,429,430,431,432,436,437,438,439,440,441,442,443,444,
JON siderms;146,281,399,480,549,558,588,732,
JON sideav ;146,281,360,399,420,480,549,558,732,
JON maxd;146,275,281,353,399,480,549,558,588,732,


LG flexi;37,38,39,192,193,259,260,356,357,358,359,360,361,362,363,364,365,366,367,428,429,430,431,432,433,434,435,436,437,438,439,440,441,442,443,533,534,535,
LG procr;41,353,354,355,356,357,358,359,360,361,362,363,364,431,432,437,438,439,440,441,442,443,444,
LG hinge;354,355,356,357,358,359,360,361,362,363,364,429,430,431,432,436,437,438,439,440,441,442,443,444,
LG siderms;146,281,399,480,549,558,588,732,
LG sideav;146,281,360,399,420,480,549,558,732,
LG maxd;146,275,281,353,399,480,549,558,588,732,
