JON flexi;4,5,6,7,8,9,10,11,12,13,14,15,16,17,18,19,20,21,22,23,24,25,26,44,45,46,66,107,108,109,179,180,181,198,199,200,201,202,218,219,233,234,235,236,237,238,239,240,253,
JON procr;9,10,11,12,13,20,21,22,23,24,25,26,42,178,179,180,181,182,183,198,199,200,234,235,236,237,238,239,240,241,242,243,
JON hinge ;12,13,20,23,24,25,105,106,111,199,234,238,239,240,
JON siderms;38,133,214,251,
JON sideav ;38,108,180,200,239,
JON maxd;38,133,214,251,


LG flexi;4,5,6,7,8,9,10,11,12,13,14,15,16,17,18,19,20,21,22,23,24,25,26,44,45,46,66,107,108,109,179,180,181,198,199,200,201,202,218,219,233,234,235,236,237,238,239,240,253,
LG procr;9,10,11,12,13,20,21,22,23,24,25,26,42,178,179,180,181,182,183,198,199,200,234,235,236,237,238,239,240,241,242,243,
LG hinge;12,13,20,23,24,25,105,106,111,199,234,238,239,240,
LG siderms;38,133,214,251,
LG sideav;38,108,180,200,239,
LG maxd;38,133,214,251,
