JON flexi;53,54,55,56,57,58,59,60,61,62,63,64,68,69,70,71,72,73,74,113,114,
JON procr;57,58,59,60,72,73,74,75,76,77,109,110,412,413,414,415,416,417,418,424,425,427,428,429,430,499,500,501,502,503,504,505,522,
JON hinge ;59,60,72,73,75,76,77,78,79,109,110,411,412,413,415,416,417,418,424,428,429,432,445,446,447,448,465,470,500,501,505,520,521,522,523,524,
JON siderms;57,64,71,114,168,239,351,374,414,428,441,444,452,501,553,696,786,810,905,928,945,955,
JON sideav ;57,64,71,114,168,221,239,351,374,428,441,452,501,696,786,810,905,928,945,963,986,
JON maxd;57,61,64,71,114,168,191,215,239,351,374,414,428,441,444,452,501,553,558,696,786,810,905,928,945,955,


LG flexi;482,483,484,485,486,487,488,489,490,491,492,493,497,498,499,500,501,502,503,542,543,
LG procr;486,487,488,489,501,502,503,504,505,506,538,539,841,842,843,844,845,846,847,853,854,856,857,858,859,928,929,930,931,932,933,934,951,
LG hinge;488,489,501,502,504,505,506,507,508,538,539,840,841,842,844,845,846,847,853,857,858,861,874,875,876,877,894,899,929,930,934,949,950,951,952,953,
LG siderms;486,493,500,543,597,668,780,803,843,857,870,873,881,930,982,1125,1215,1239,1334,1357,1374,1384,
LG sideav;486,493,500,543,597,650,668,780,803,857,870,881,930,1125,1215,1239,1334,1357,1374,1392,1415,
LG maxd;486,490,493,500,543,597,620,644,668,780,803,843,857,870,873,881,930,982,987,1125,1215,1239,1334,1357,1374,1384,
