JON flexi;358,359,360,361,362,363,364,365,366,367,368,743,744,745,746,747,748,749,750,835,836,837,838,839,840,841,
JON procr;362,363,364,736,747,748,749,750,751,752,753,754,839,840,841,842,843,844,845,
JON hinge ;163,321,362,363,364,499,747,748,750,751,752,753,839,841,843,844,
JON siderms;292,432,449,456,476,477,478,490,495,529,532,616,636,655,668,684,743,748,774,
JON sideav ;208,359,362,363,364,367,368,437,441,449,474,476,477,490,542,572,652,668,673,743,816,
JON maxd;292,432,449,456,476,477,478,490,495,507,529,532,616,636,655,668,684,743,748,774,


LG flexi;233,234,235,236,237,238,239,240,241,242,243,558,559,560,561,562,563,564,565,650,651,652,653,654,655,656,
LG procr;237,238,239,551,562,563,564,565,566,567,568,569,654,655,656,657,658,659,660,
LG hinge;24,182,237,238,239,314,562,563,565,566,567,568,654,656,658,659,
LG siderms;153,247,264,271,291,292,293,305,310,344,347,431,451,470,483,499,558,563,589,
LG sideav;69,234,237,238,239,242,243,252,256,264,289,291,292,305,357,387,467,483,488,558,631,
LG maxd;153,247,264,271,291,292,293,305,310,322,344,347,431,451,470,483,499,558,563,589,
