JON flexi;37,38,39,40,41,92,124,125,126,127,128,383,384,385,386,387,388,389,390,391,392,393,394,395,396,397,398,399,400,401,402,403,404,405,425,426,427,428,429,430,431,432,433,
JON procr;41,42,89,90,91,92,93,123,124,125,126,127,128,129,130,131,306,307,308,380,381,382,383,384,385,386,387,389,390,391,392,393,394,395,396,397,398,402,403,404,405,428,429,
JON hinge ;41,42,43,90,91,92,122,125,126,127,128,131,306,307,308,309,384,385,386,389,393,394,395,396,397,401,402,403,404,425,426,427,
JON siderms;69,106,120,176,224,228,313,324,380,396,399,429,447,485,
JON sideav ;106,120,176,228,307,313,324,358,394,396,429,480,483,485,
JON maxd;69,102,106,120,176,224,228,282,313,324,380,396,399,429,447,485,


LG flexi;37,38,39,40,41,92,124,125,126,127,128,383,384,385,386,387,388,389,390,391,392,393,394,395,396,397,398,399,400,401,402,403,404,405,425,426,427,428,429,430,431,432,433,
LG procr;41,42,89,90,91,92,93,123,124,125,126,127,128,129,130,131,306,307,308,380,381,382,383,384,385,386,387,389,390,391,392,393,394,395,396,397,398,402,403,404,405,428,429,
LG hinge;41,42,43,90,91,92,122,125,126,127,128,131,306,307,308,309,384,385,386,389,393,394,395,396,397,401,402,403,404,425,426,427,
LG siderms;69,106,120,176,224,228,313,324,380,396,399,429,447,485,
LG sideav;106,120,176,228,307,313,324,358,394,396,429,480,483,485,
LG maxd;69,102,106,120,176,224,228,282,313,324,380,396,399,429,447,485,
