JON flexi;7,169,214,215,240,241,242,243,244,245,246,358,359,441,442,443,
JON procr;211,244,245,246,247,248,355,356,357,358,359,360,361,362,363,433,434,439,440,441,442,443,444,445,446,447,
JON hinge ;23,122,123,124,125,211,244,247,248,251,264,329,330,332,355,356,358,359,360,363,429,434,438,439,442,443,447,
JON siderms;28,45,55,99,115,119,121,126,128,145,212,214,244,267,347,351,392,412,524,651,660,
JON sideav ;28,45,82,99,119,121,126,128,145,212,214,242,244,247,267,351,359,412,519,524,651,660,672,
JON maxd;28,45,55,99,115,119,121,126,128,145,212,214,244,267,347,351,392,412,524,651,660,


LG flexi;8,170,215,216,241,242,243,244,245,246,247,359,360,442,443,444,
LG procr;212,245,246,247,248,249,356,357,358,359,360,361,362,363,364,434,435,440,441,442,443,444,445,446,447,448,
LG hinge;24,123,124,125,126,212,245,248,249,252,265,330,331,333,356,357,359,360,361,364,430,435,439,440,443,444,448,
LG siderms;29,46,56,100,116,120,122,127,129,146,213,215,245,268,348,352,393,413,525,652,661,
LG sideav;29,46,83,100,120,122,127,129,146,213,215,243,245,248,268,352,360,413,520,525,652,661,673,
LG maxd;29,46,56,100,116,120,122,127,129,146,213,215,245,268,348,352,393,413,525,652,661,
