JON flexi;116,149,150,151,152,153,154,155,156,157,158,159,160,161,162,163,164,165,
JON procr;145,146,147,148,149,150,151,152,153,154,155,156,157,158,159,
JON hinge ;145,146,147,148,149,150,151,152,153,154,155,156,157,158,159,
JON siderms;9,36,40,121,150,153,155,156,201,205,217,261,271,293,338,386,412,436,454,458,550,566,593,603,
JON sideav ;68,116,121,149,150,153,154,155,156,205,217,261,271,274,293,338,454,458,566,590,603,
JON maxd;9,36,40,121,150,153,205,217,261,271,293,338,386,388,412,436,454,458,550,566,593,603,


LG flexi;116,149,150,151,152,153,154,155,156,157,158,159,160,161,162,163,164,165,
LG procr;145,146,147,148,149,150,151,152,153,154,155,156,157,158,159,
LG hinge;145,146,147,148,149,150,151,152,153,154,155,156,157,158,159,
LG siderms;9,36,40,121,150,153,155,156,201,205,217,261,271,293,338,386,412,436,454,458,550,566,593,603,
LG sideav;68,116,121,149,150,153,154,155,156,205,217,261,271,274,293,338,454,458,566,590,603,
LG maxd;9,36,40,121,150,153,205,217,261,271,293,338,386,388,412,436,454,458,550,566,593,603,
