JON flexi;123,124,125,660,673,674,738,739,740,741,742,743,744,745,746,747,748,749,750,751,
JON procr;120,121,122,123,124,125,126,127,128,
JON hinge ;121,122,123,124,125,126,128,745,746,
JON siderms;103,173,289,333,436,461,491,723,729,753,
JON sideav ;97,103,204,289,324,333,436,469,491,729,753,
JON maxd;103,173,289,333,436,461,491,723,729,753,


LG flexi;177,178,179,556,569,570,634,635,636,637,638,639,640,641,642,643,644,645,646,647,
LG procr;174,175,176,177,178,179,180,181,182,
LG hinge;175,176,177,178,179,180,182,641,642,
LG siderms;157,227,343,387,411,436,466,619,625,649,
LG sideav;151,157,258,343,378,387,411,444,466,625,649,
LG maxd;157,227,343,387,411,436,466,619,625,649,
