JON flexi;267,268,269,270,271,272,273,274,275,276,277,278,279,506,628,655,656,
JON procr;219,220,221,222,223,224,271,272,273,274,275,276,277,279,280,281,282,492,493,494,502,632,651,652,
JON hinge ;220,223,224,225,272,273,274,275,276,279,280,281,282,283,495,496,632,641,646,652,
JON siderms;175,414,
JON sideav ;175,414,
JON maxd;175,414,456,


LG flexi;268,269,270,271,272,273,274,275,276,277,278,279,280,507,629,656,657,
LG procr;220,221,222,223,224,225,272,273,274,275,276,277,278,280,281,282,283,493,494,495,503,633,652,653,
LG hinge;221,224,225,226,273,274,275,276,277,280,281,282,283,284,496,497,633,642,647,653,
LG siderms;176,415,
LG sideav;176,415,
LG maxd;176,415,457,
