JON flexi;249,250,251,252,253,254,288,289,290,291,292,293,294,295,296,297,298,416,417,418,419,420,421,433,434,435,436,437,438,439,440,441,442,443,444,445,446,447,448,449,450,451,452,453,688,717,718,719,720,721,722,723,724,
JON procr;253,254,255,256,257,280,281,282,284,285,286,287,288,289,291,292,293,294,410,412,413,416,417,437,438,439,440,441,442,443,444,445,446,447,448,449,450,452,453,455,456,457,686,687,688,690,717,718,719,720,
JON hinge ;253,254,255,256,257,258,284,285,288,289,290,291,292,293,294,408,412,415,416,671,672,674,675,676,678,679,686,687,688,689,690,692,694,
JON siderms;280,294,317,340,393,401,433,545,631,647,700,
JON sideav ;280,294,317,340,393,394,433,545,549,631,647,698,700,
JON maxd;280,294,317,340,393,401,433,545,631,647,700,


LG flexi;250,251,252,253,254,255,289,290,291,292,293,294,295,296,297,298,299,417,418,419,420,421,422,434,435,436,437,438,439,440,441,442,443,444,445,446,447,448,449,450,451,452,453,454,689,718,719,720,721,722,723,724,725,
LG procr;254,255,256,257,258,281,282,283,285,286,287,288,289,290,292,293,294,295,411,413,414,417,418,438,439,440,441,442,443,444,445,446,447,448,449,450,451,453,454,456,457,458,687,688,689,691,718,719,720,721,
LG hinge;254,255,256,257,258,259,285,286,289,290,291,292,293,294,295,409,413,416,417,672,673,675,676,677,679,680,687,688,689,690,691,693,695,
LG siderms;281,295,318,341,394,402,434,546,632,648,701,
LG sideav;281,295,318,341,394,395,434,546,550,632,648,699,701,
LG maxd;281,295,318,341,394,402,434,546,632,648,701,
