JON flexi;78,79,80,93,94,95,96,97,98,99,100,101,102,103,180,181,182,183,184,185,186,187,
JON procr;89,90,91,92,93,94,95,96,97,
JON hinge ;77,90,91,92,95,96,97,98,106,177,189,190,211,235,
JON siderms;65,100,109,122,124,212,
JON sideav ;65,100,124,212,236,
JON maxd;65,100,109,122,124,212,


LG flexi;80,81,82,95,96,97,98,99,100,101,102,103,104,105,182,183,184,185,186,187,188,189,
LG procr;91,92,93,94,95,96,97,98,99,
LG hinge;79,92,93,94,97,98,99,100,108,179,191,192,213,237,
LG siderms;67,102,111,124,126,214,
LG sideav;67,102,126,214,238,
LG maxd;67,102,111,124,126,214,
