JON flexi;162,170,171,172,461,735,799,800,801,802,803,804,805,817,818,822,834,835,837,
JON procr;158,174,410,411,412,413,759,760,797,798,799,800,803,804,813,814,831,841,882,883,884,885,
JON hinge ;158,407,408,411,412,413,457,726,739,754,755,757,760,761,762,796,797,800,801,803,804,805,806,809,826,831,841,855,874,875,879,880,882,883,884,885,887,888,889,
JON siderms;77,170,178,240,336,402,406,432,697,735,788,804,818,876,957,
JON sideav ;77,170,178,240,336,402,406,432,788,804,818,822,823,957,
JON maxd;77,170,178,240,336,402,406,432,697,735,788,804,818,860,876,957,


LG flexi;162,170,171,172,461,735,799,800,801,802,803,804,805,817,818,821,833,834,839,
LG procr;158,174,410,411,412,413,759,760,797,798,799,800,803,804,813,814,830,843,884,885,886,887,
LG hinge;158,407,408,411,412,413,457,726,739,754,755,757,760,761,762,796,797,800,801,803,804,805,806,809,825,830,843,857,876,877,881,882,884,885,886,887,889,890,891,
LG siderms;77,170,178,240,336,402,406,432,697,735,788,804,818,878,959,
LG sideav;77,170,178,240,336,402,406,432,788,804,818,821,822,959,
LG maxd;77,170,178,240,336,402,406,432,697,735,788,804,818,862,878,959,
