JON flexi;58,491,492,493,494,495,496,497,498,499,531,532,533,545,546,608,609,610,611,612,613,694,782,783,784,785,797,798,
JON procr;495,496,497,498,499,500,501,502,503,529,549,607,608,609,610,611,612,613,614,615,616,780,781,782,783,784,785,786,787,794,
JON hinge ;496,500,501,529,606,608,609,610,611,612,613,614,615,616,655,659,660,674,679,780,781,782,783,784,785,793,
JON siderms;63,102,506,612,684,741,750,777,784,
JON sideav ;63,102,506,612,684,750,777,798,
JON maxd;63,102,506,552,612,684,741,750,777,784,


LG flexi;58,491,492,493,494,495,496,497,498,499,531,532,533,545,546,608,609,610,611,612,613,694,782,783,784,785,797,798,
LG procr;495,496,497,498,499,500,501,502,503,529,549,607,608,609,610,611,612,613,614,615,616,780,781,782,783,784,785,786,787,794,
LG hinge;496,500,501,529,606,608,609,610,611,612,613,614,615,616,655,659,660,674,679,780,781,782,783,784,785,793,
LG siderms;63,102,506,612,684,741,750,777,784,
LG sideav;63,102,506,612,684,750,777,798,
LG maxd;63,102,506,552,612,684,741,750,777,784,
