JON flexi;2,3,4,5,6,7,8,9,10,11,12,58,59,104,105,106,107,108,109,110,111,
JON procr;6,7,8,9,10,11,12,13,14,29,30,31,32,33,34,54,55,109,110,111,112,113,114,
JON hinge ;6,10,11,12,13,29,30,54,55,109,110,
JON siderms;2,34,41,56,112,113,
JON sideav ;2,34,41,56,112,113,
JON maxd;2,12,34,41,112,113,


LG flexi;246,247,248,249,250,251,252,253,254,255,256,302,303,348,349,350,351,352,353,354,355,
LG procr;250,251,252,253,254,255,256,257,258,273,274,275,276,277,278,298,299,353,354,355,356,357,358,
LG hinge;250,254,255,256,257,273,274,298,299,353,354,
LG siderms;246,278,285,300,356,357,
LG sideav;246,278,285,300,356,357,
LG maxd;246,256,278,285,356,357,
