JON flexi;548,549,550,551,848,849,850,851,852,853,854,855,856,857,858,859,883,884,885,886,1322,1337,1338,1342,1343,1542,1543,1544,1998,1999,2000,2001,2002,2128,2129,2548,
JON procr;81,82,83,84,85,86,87,88,545,546,547,852,853,854,855,879,880,881,882,883,884,885,886,887,888,889,890,1326,1333,1334,1346,1362,1363,1538,1539,1540,1541,1542,1543,1544,1545,1546,1547,1548,1600,2002,2003,2004,2005,2006,2124,2125,2544,
JON hinge ;82,83,84,88,163,164,545,546,547,852,853,854,855,1334,1359,1362,1363,1364,1539,1540,1541,1606,2002,2003,2004,2005,2124,2125,
JON siderms;15,26,52,70,75,87,166,218,255,263,306,397,406,465,469,549,550,883,884,885,923,943,949,968,979,1001,1207,1231,1322,1331,1337,1338,1343,1357,1374,1383,1403,1446,1449,1460,1461,1470,1485,1542,1545,1548,1599,1624,1642,1667,1793,1804,1854,1932,1997,1998,1999,2000,2001,2003,2004,2007,2023,2072,2096,2110,2113,2124,2128,2239,2276,2405,2459,2524,2526,2548,2584,2593,2604,2620,2632,2646,2689,2692,2697,2701,2718,2720,2723,2739,
JON sideav ;2,3,7,8,15,52,75,87,166,306,355,397,406,549,550,790,795,848,849,850,852,853,854,855,856,858,859,883,884,885,923,1337,1338,1343,1383,1461,1485,1542,1624,1793,1932,1997,1998,1999,2000,2001,2003,2004,2007,2113,2128,2224,2459,2524,2548,2593,2620,2646,2692,2720,2723,2739,
JON maxd;15,26,52,70,75,87,123,166,170,206,218,306,318,357,406,437,469,486,549,550,923,949,968,979,1001,1048,1134,1207,1220,1231,1322,1331,1357,1374,1383,1403,1446,1449,1455,1460,1461,1470,1485,1542,1548,1599,1624,1642,1667,1793,1804,1854,1932,1978,1997,1998,1999,2000,2001,2003,2004,2007,2072,2096,2110,2113,2128,2239,2276,2405,2407,2459,2524,2526,2548,2584,2593,2604,2620,2632,2646,2689,2692,2696,2697,2701,2720,2723,2739,


LG flexi;878,879,880,881,1118,1119,1120,1121,1122,1123,1124,1125,1126,1127,1128,1129,1213,1214,1215,1216,1576,1591,1592,1596,1597,1796,1797,1798,2252,2253,2254,2255,2256,2382,2383,2802,
LG procr;411,412,413,414,415,416,417,418,875,876,877,1122,1123,1124,1125,1209,1210,1211,1212,1213,1214,1215,1216,1217,1218,1219,1220,1580,1587,1588,1600,1616,1617,1792,1793,1794,1795,1796,1797,1798,1799,1800,1801,1802,1854,2256,2257,2258,2259,2260,2378,2379,2798,
LG hinge;412,413,414,418,493,494,875,876,877,1122,1123,1124,1125,1588,1613,1616,1617,1618,1793,1794,1795,1860,2256,2257,2258,2259,2378,2379,
LG siderms;345,356,382,400,405,417,496,548,585,593,636,727,736,795,799,879,880,1213,1214,1215,1253,1273,1279,1298,1309,1331,1537,1561,1576,1585,1591,1592,1597,1611,1628,1637,1657,1700,1703,1714,1715,1724,1739,1796,1799,1802,1853,1878,1896,1921,2047,2058,2108,2186,2251,2252,2253,2254,2255,2257,2258,2261,2277,2326,2350,2364,2367,2378,2382,2493,2530,2659,2713,2778,2780,2802,2838,2847,2858,2874,2886,2900,2943,2946,2951,2955,2972,2974,2977,2993,
LG sideav;332,333,337,338,345,382,405,417,496,636,685,727,736,879,880,1077,1082,1118,1119,1120,1122,1123,1124,1125,1126,1128,1129,1213,1214,1215,1253,1591,1592,1597,1637,1715,1739,1796,1878,2047,2186,2251,2252,2253,2254,2255,2257,2258,2261,2367,2382,2478,2713,2778,2802,2847,2874,2900,2946,2974,2977,2993,
LG maxd;345,356,382,400,405,417,453,496,500,536,548,636,648,687,736,767,799,816,879,880,1253,1279,1298,1309,1331,1378,1464,1537,1550,1561,1576,1585,1611,1628,1637,1657,1700,1703,1709,1714,1715,1724,1739,1796,1802,1853,1878,1896,1921,2047,2058,2108,2186,2232,2251,2252,2253,2254,2255,2257,2258,2261,2326,2350,2364,2367,2382,2493,2530,2659,2661,2713,2778,2780,2802,2838,2847,2858,2874,2886,2900,2943,2946,2950,2951,2955,2974,2977,2993,
