JON flexi;183,184,185,194,364,365,366,367,393,
JON procr;180,181,198,361,362,363,364,365,366,367,368,369,370,
JON hinge ;180,181,213,214,215,216,220,221,339,361,362,363,364,365,367,368,369,370,
JON siderms;184,185,246,336,366,396,398,472,536,554,
JON sideav ;184,185,246,336,366,396,398,472,536,554,559,
JON maxd;184,185,246,336,366,396,398,472,536,554,


LG flexi;183,184,185,194,364,365,366,367,393,
LG procr;180,181,198,361,362,363,364,365,366,367,368,369,370,
LG hinge;180,181,213,214,215,216,220,221,339,361,362,363,364,365,367,368,369,370,
LG siderms;184,185,246,336,366,396,398,472,536,554,
LG sideav;184,185,246,336,366,396,398,472,536,554,559,
LG maxd;184,185,246,336,366,396,398,472,536,554,
