JON flexi;1,159,160,161,162,379,382,467,468,
JON procr;155,156,157,158,159,160,161,162,163,164,463,464,465,466,467,468,469,470,471,
JON hinge ;156,157,158,159,160,161,162,163,164,464,465,466,467,468,469,470,
JON siderms;1,5,55,79,80,159,161,162,187,254,441,444,535,589,600,
JON sideav ;1,79,160,161,441,443,444,467,535,599,600,636,
JON maxd;1,5,55,79,80,159,161,187,254,441,444,535,536,589,600,


LG flexi;1,159,160,161,162,379,382,467,468,
LG procr;155,156,157,158,159,160,161,162,163,164,463,464,465,466,467,468,469,470,471,
LG hinge;156,157,158,159,160,161,162,163,164,464,465,466,467,468,469,470,
LG siderms;1,5,55,79,80,159,161,162,187,254,441,444,535,589,600,
LG sideav;1,79,160,161,441,443,444,467,535,599,600,636,
LG maxd;1,5,55,79,80,159,161,187,254,441,444,535,536,589,600,
