JON flexi;33,34,35,36,37,38,39,40,41,42,43,44,45,46,47,48,49,50,51,70,71,72,73,74,75,76,77,78,79,97,98,99,160,161,162,163,197,246,314,
JON procr;37,38,39,40,41,42,43,44,45,46,47,48,49,50,51,52,53,69,70,71,72,73,74,75,76,77,78,79,80,81,82,94,95,96,97,98,99,100,101,102,103,158,161,180,181,186,197,198,199,200,243,244,245,246,247,248,249,250,270,306,307,310,
JON hinge ;40,41,42,45,46,47,48,49,52,53,60,73,75,76,77,78,79,80,95,96,100,247,248,306,307,
JON siderms;155,181,
JON sideav ;155,181,
JON maxd;155,181,


LG flexi;33,34,35,36,37,38,39,40,41,42,43,44,45,46,47,48,49,50,51,70,71,72,73,74,75,76,77,78,79,97,98,99,160,161,162,163,197,246,314,
LG procr;37,38,39,40,41,42,43,44,45,46,47,48,49,50,51,52,53,69,70,71,72,73,74,75,76,77,78,79,80,81,82,94,95,96,97,98,99,100,101,102,103,158,161,180,181,186,197,198,199,200,243,244,245,246,247,248,249,250,270,306,307,310,
LG hinge;40,41,42,45,46,47,48,49,52,53,60,73,75,76,77,78,79,80,95,96,100,247,248,306,307,
LG siderms;155,181,
LG sideav;155,181,
LG maxd;155,181,
