JON flexi;61,62,63,64,65,66,67,68,69,70,71,72,73,74,75,76,77,78,
JON procr;65,66,67,68,69,70,71,72,73,74,
JON hinge ;65,66,67,68,69,70,71,72,73,74,
JON siderms;64,200,205,244,269,355,395,437,476,482,483,487,488,499,521,656,664,667,674,680,685,
JON sideav ;61,62,63,65,66,68,69,70,72,73,74,75,76,77,78,437,499,
JON maxd;200,205,219,244,355,395,424,437,444,476,483,487,488,499,521,526,555,656,664,667,680,685,756,


LG flexi;1,2,3,4,5,6,7,8,9,10,11,12,13,14,15,16,17,18,
LG procr;5,6,7,8,9,10,11,12,13,14,
LG hinge;5,6,7,8,9,10,11,12,13,14,
LG siderms;4,29,34,73,98,184,224,266,305,311,312,316,317,328,350,485,493,496,503,509,514,
LG sideav;1,2,3,5,6,8,9,10,12,13,14,15,16,17,18,266,328,
LG maxd;29,34,48,73,184,224,253,266,273,305,312,316,317,328,350,355,384,485,493,496,509,514,585,
