JON flexi;37,38,39,40,41,42,43,44,60,61,62,63,64,65,66,67,68,69,70,71,72,73,74,75,76,77,107,108,109,110,111,112,113,114,124,125,126,127,128,129,130,131,132,133,134,135,136,137,138,139,140,141,142,242,279,280,281,282,283,284,285,286,287,288,335,336,337,338,339,340,341,342,343,409,410,411,412,
JON procr;41,57,59,60,61,62,63,64,65,71,72,73,74,75,76,77,78,79,109,110,111,112,129,130,131,132,133,134,135,136,238,239,240,283,284,285,286,287,288,289,290,291,338,339,406,407,408,409,410,411,412,413,414,415,
JON hinge ;58,61,62,63,64,73,74,77,78,111,131,132,133,136,140,141,239,240,244,245,284,285,286,287,288,289,290,291,292,407,409,410,414,415,
JON siderms;37,172,263,276,370,412,
JON sideav ;37,60,172,242,276,309,370,412,
JON maxd;37,172,263,276,370,412,


LG flexi;47,48,49,50,51,52,53,54,70,71,72,73,74,75,76,77,78,79,80,81,82,83,84,85,86,87,117,118,119,120,121,122,123,124,134,135,136,137,138,139,140,141,142,143,144,145,146,147,148,149,150,151,152,252,289,290,291,292,293,294,295,296,297,298,345,346,347,348,349,350,351,352,353,419,420,421,422,
LG procr;51,67,69,70,71,72,73,74,75,81,82,83,84,85,86,87,88,89,119,120,121,122,139,140,141,142,143,144,145,146,248,249,250,293,294,295,296,297,298,299,300,301,348,349,416,417,418,419,420,421,422,423,424,425,
LG hinge;68,71,72,73,74,83,84,87,88,121,141,142,143,146,150,151,249,250,254,255,294,295,296,297,298,299,300,301,302,417,419,420,424,425,
LG siderms;47,182,273,286,380,422,
LG sideav;47,70,182,252,286,319,380,422,
LG maxd;47,182,273,286,380,422,
