JON flexi;66,67,82,83,84,209,314,315,316,317,318,319,320,342,343,344,345,417,460,517,529,546,697,698,699,700,701,702,703,704,705,706,707,712,713,714,780,781,782,
JON procr;79,314,315,316,317,318,319,320,321,322,323,339,340,341,342,343,344,345,346,347,348,349,515,516,517,518,526,527,528,529,530,531,532,702,703,716,717,739,740,741,777,778,
JON hinge ;311,312,318,321,322,323,324,340,341,344,345,348,515,516,517,521,527,528,529,530,531,532,533,703,778,
JON siderms;71,84,186,234,295,320,369,514,518,721,
JON sideav ;71,84,186,234,295,342,369,514,518,721,
JON maxd;71,84,186,234,295,369,514,518,721,


LG flexi;66,67,82,83,84,209,314,315,316,317,318,319,320,342,343,344,345,417,460,517,529,546,697,698,699,700,701,702,703,704,705,706,707,712,713,714,780,781,782,
LG procr;79,314,315,316,317,318,319,320,321,322,323,339,340,341,342,343,344,345,346,347,348,349,515,516,517,518,526,527,528,529,530,531,532,702,703,716,717,739,740,741,777,778,
LG hinge;311,312,318,321,322,323,324,340,341,344,345,348,515,516,517,521,527,528,529,530,531,532,533,703,778,
LG siderms;71,84,186,234,295,320,369,514,518,721,
LG sideav;71,84,186,234,295,342,369,514,518,721,
LG maxd;71,84,186,234,295,369,514,518,721,
