JON flexi;15,16,17,18,19,20,21,22,23,24,25,26,27,28,29,30,42,43,44,45,75,76,77,78,88,89,90,91,113,114,115,116,117,118,119,120,121,122,123,124,125,126,164,165,205,259,260,272,273,314,320,321,322,323,324,325,353,365,366,417,453,454,455,456,457,458,459,460,461,466,467,478,479,480,493,494,495,496,497,498,507,523,
JON procr;19,74,75,86,87,88,89,90,91,92,93,94,95,103,104,111,112,113,114,115,116,117,118,119,137,324,325,326,327,328,369,415,416,417,418,419,420,421,457,519,
JON hinge ;73,86,87,88,89,92,93,94,103,104,112,113,163,167,168,324,325,326,327,328,369,417,418,419,420,457,484,
JON siderms;16,53,164,183,311,394,466,
JON sideav ;16,21,53,89,164,183,311,394,466,
JON maxd;16,53,164,183,311,394,466,521,


LG flexi;33,34,35,36,37,38,39,40,41,42,43,44,45,46,47,48,60,61,62,63,93,94,95,96,106,107,108,109,131,132,133,134,135,136,137,138,139,140,141,142,143,144,182,183,223,277,278,290,291,332,338,339,340,341,342,343,371,383,384,435,471,472,473,474,475,476,477,478,479,484,485,496,497,498,511,512,513,514,515,516,525,541,
LG procr;37,92,93,104,105,106,107,108,109,110,111,112,113,121,122,129,130,131,132,133,134,135,136,137,155,342,343,344,345,346,387,433,434,435,436,437,438,439,475,537,
LG hinge;91,104,105,106,107,110,111,112,121,122,130,131,181,185,186,342,343,344,345,346,387,435,436,437,438,475,502,
LG siderms;34,71,182,201,329,412,484,
LG sideav;34,39,71,107,182,201,329,412,484,
LG maxd;34,71,182,201,329,412,484,539,
