JON flexi;495,496,497,498,499,500,501,502,503,504,505,506,507,508,
JON procr;499,500,501,502,503,504,
JON hinge ;349,350,351,352,353,499,500,501,502,
JON siderms;280,282,495,503,
JON sideav ;282,283,352,353,495,498,500,501,502,503,505,506,507,508,
JON maxd;33,58,282,333,495,503,


LG flexi;432,433,434,435,436,437,438,439,440,441,442,443,444,445,
LG procr;436,437,438,439,440,441,
LG hinge;313,314,315,316,317,436,437,438,439,
LG siderms;244,245,432,440,
LG sideav;245,246,316,317,432,435,437,438,439,440,442,443,444,445,
LG maxd;61,86,245,297,432,440,
