JON flexi;124,125,265,318,319,320,332,484,683,754,895,896,897,898,899,900,901,902,903,945,946,947,948,
JON procr;261,314,315,316,361,362,363,488,579,580,581,582,629,630,631,750,796,883,891,892,893,894,895,896,898,899,944,
JON hinge ;128,129,314,315,316,336,337,488,750,881,882,883,884,892,893,894,895,899,942,943,944,
JON siderms;117,119,172,182,216,226,280,289,290,309,311,314,344,359,368,378,379,418,423,443,468,486,520,594,627,699,733,754,868,896,927,937,
JON sideav ;119,172,182,216,226,230,289,290,309,311,314,344,359,423,443,468,486,505,520,594,627,699,733,754,842,896,927,937,
JON maxd;117,119,172,216,226,289,309,311,314,344,359,368,378,379,418,423,443,468,486,520,594,627,699,733,754,896,927,937,


LG flexi;91,92,232,285,286,287,299,451,650,721,862,863,864,865,866,867,868,869,870,912,913,914,915,
LG procr;228,281,282,283,328,329,330,455,546,547,548,549,596,597,598,717,763,850,858,859,860,861,862,863,865,866,911,
LG hinge;95,96,281,282,283,303,304,455,717,848,849,850,851,859,860,861,862,866,909,910,911,
LG siderms;84,86,139,149,183,193,247,256,257,276,278,281,311,326,335,345,346,385,390,410,435,453,487,561,594,666,700,721,835,863,894,904,
LG sideav;86,139,149,183,193,197,256,257,276,278,281,311,326,390,410,435,453,472,487,561,594,666,700,721,809,863,894,904,
LG maxd;84,86,139,183,193,256,276,278,281,311,326,335,345,346,385,390,410,435,453,487,561,594,666,700,721,863,894,904,
