JON flexi;64,65,66,67,68,69,70,71,89,90,91,92,128,129,130,131,132,133,209,221,222,223,224,259,260,261,295,318,319,320,333,334,335,336,337,338,339,340,341,342,378,379,380,382,383,384,406,426,427,428,459,508,509,510,511,581,
JON procr;86,87,88,89,90,91,92,93,94,126,127,128,133,134,292,293,294,295,296,297,298,299,315,316,317,318,319,320,321,322,323,
JON hinge ;86,87,88,89,90,91,92,93,94,95,126,127,128,132,133,134,257,259,260,294,295,315,316,317,318,319,320,321,322,375,376,406,
JON siderms;59,68,76,92,103,174,292,295,298,349,374,488,504,514,515,571,581,600,643,
JON sideav ;59,65,68,76,92,136,296,349,374,487,488,514,515,546,571,581,643,
JON maxd;59,68,76,92,103,174,292,295,298,311,374,488,504,514,515,553,571,581,600,643,


LG flexi;64,65,66,67,68,69,70,71,89,90,91,92,128,129,130,131,132,133,209,221,222,223,224,259,260,261,295,318,319,320,333,334,335,336,337,338,339,340,341,342,378,379,380,382,383,384,406,426,427,428,459,508,509,510,511,581,
LG procr;86,87,88,89,90,91,92,93,94,126,127,128,133,134,292,293,294,295,296,297,298,299,315,316,317,318,319,320,321,322,323,
LG hinge;86,87,88,89,90,91,92,93,94,95,126,127,128,132,133,134,257,259,260,294,295,315,316,317,318,319,320,321,322,375,376,406,
LG siderms;59,68,76,92,103,174,292,295,298,349,374,488,504,514,515,571,581,600,643,
LG sideav;59,65,68,76,92,136,296,349,374,487,488,514,515,546,571,581,643,
LG maxd;59,68,76,92,103,174,292,295,298,311,374,488,504,514,515,553,571,581,600,643,
