JON flexi;137,253,254,255,256,694,968,969,
JON procr;257,258,259,260,698,782,783,784,785,964,965,
JON hinge ;141,257,258,259,260,515,698,778,779,780,782,783,784,785,786,787,965,981,
JON siderms;181,384,482,566,567,616,622,656,726,803,967,968,979,
JON sideav ;189,301,384,482,567,616,622,652,656,698,726,969,
JON maxd;181,384,482,566,567,616,622,656,726,752,967,979,


LG flexi;137,253,254,255,256,694,968,969,
LG procr;257,258,259,260,698,782,783,784,785,964,965,
LG hinge;141,257,258,259,260,515,698,778,779,780,782,783,784,785,786,787,965,981,
LG siderms;181,384,482,566,567,616,622,656,726,803,967,968,979,
LG sideav;189,301,384,482,567,616,622,652,656,698,726,969,
LG maxd;181,384,482,566,567,616,622,656,726,752,967,979,
