JON flexi;46,47,48,49,50,79,140,219,220,221,277,278,279,280,281,282,283,284,285,286,287,288,289,290,291,292,293,294,295,296,297,298,299,300,318,319,320,321,322,323,324,339,355,356,357,358,359,402,403,404,444,445,446,447,448,473,474,475,476,477,529,530,531,532,533,534,535,536,537,
JON procr;45,46,75,76,77,78,79,80,139,140,141,142,157,158,159,160,161,196,197,198,217,276,277,278,279,280,281,285,286,287,288,289,290,291,292,293,294,295,296,297,298,299,300,301,302,317,318,319,327,336,337,338,339,340,341,342,343,351,352,353,354,355,356,357,358,359,360,361,362,363,399,400,403,404,405,406,442,443,444,445,447,448,449,450,451,471,472,473,474,475,479,480,502,503,508,509,510,511,532,533,
JON hinge ;46,158,160,197,278,284,285,286,287,288,289,290,291,292,293,294,295,296,297,322,325,326,327,328,338,339,356,357,362,405,406,442,443,444,445,447,448,449,450,474,509,510,
JON siderms;61,62,79,120,140,165,185,212,257,278,404,419,450,455,457,
JON sideav ;46,61,68,79,120,140,165,195,212,275,278,355,402,419,450,455,457,
JON maxd;61,62,79,120,140,165,185,212,257,278,419,450,455,457,


LG flexi;46,47,48,49,50,78,139,218,219,220,276,277,278,279,280,281,282,283,284,285,286,287,288,289,290,291,292,293,294,295,296,297,298,299,317,318,319,320,321,322,323,338,354,355,356,357,358,401,402,403,443,444,445,446,447,472,473,474,475,476,528,529,530,531,532,533,534,535,536,
LG procr;45,46,74,75,76,77,78,79,138,139,140,141,156,157,158,159,160,195,196,197,216,275,276,277,278,279,280,284,285,286,287,288,289,290,291,292,293,294,295,296,297,298,299,300,301,316,317,318,326,335,336,337,338,339,340,341,342,350,351,352,353,354,355,356,357,358,359,360,361,362,398,399,402,403,404,405,441,442,443,444,446,447,448,449,450,470,471,472,473,474,478,479,501,502,507,508,509,510,531,532,
LG hinge;46,157,159,196,277,283,284,285,286,287,288,289,290,291,292,293,294,295,296,321,324,325,326,327,337,338,355,356,361,404,405,441,442,443,444,446,447,448,449,473,508,509,
LG siderms;60,61,78,119,139,164,184,211,256,277,403,418,449,454,456,
LG sideav;46,60,67,78,119,139,164,194,211,274,277,354,401,418,449,454,456,
LG maxd;60,61,78,119,139,164,184,211,256,277,418,449,454,456,
