JON flexi;415,586,620,670,671,672,673,674,675,676,735,736,737,738,739,740,951,1681,1682,1683,1684,1685,2080,2081,2082,2083,2084,2085,
JON procr;219,220,221,222,223,224,225,582,667,668,669,670,671,672,731,732,733,734,735,736,737,738,739,740,741,742,743,1679,1680,1685,1686,
JON hinge ;219,220,221,222,223,224,225,263,264,265,672,734,735,736,737,738,739,740,741,742,743,744,1678,1679,1680,
JON siderms;230,265,452,468,471,515,519,558,572,592,615,617,671,672,673,674,675,676,712,719,735,736,737,738,739,740,741,752,824,828,851,854,863,873,908,931,945,951,952,953,973,1030,1038,1105,1120,1135,1167,1391,1407,1481,1593,1683,1685,1686,1692,1744,1796,1799,1817,1827,2006,2257,
JON sideav ;230,265,452,471,515,519,558,585,592,670,671,672,673,674,675,676,719,735,736,737,738,739,740,741,752,824,851,854,873,908,945,951,952,953,1022,1135,1167,1391,1481,1550,1593,1679,1680,1681,1683,1685,1686,1692,1744,1796,1817,2253,2257,
JON maxd;230,265,402,452,468,471,477,484,505,515,519,558,572,615,617,671,672,673,674,675,676,712,719,735,737,739,740,741,752,824,828,851,852,854,908,931,945,951,952,953,973,1030,1038,1105,1120,1135,1167,1391,1392,1407,1481,1545,1593,1612,1683,1686,1687,1692,1744,1799,1817,1827,2006,2257,


LG flexi;227,398,432,482,483,484,485,486,487,488,547,548,549,550,551,552,763,1493,1494,1495,1496,1497,1892,1893,1894,1895,1896,1897,
LG procr;31,32,33,34,35,36,37,394,479,480,481,482,483,484,543,544,545,546,547,548,549,550,551,552,553,554,555,1491,1492,1497,1498,
LG hinge;31,32,33,34,35,36,37,75,76,77,484,546,547,548,549,550,551,552,553,554,555,556,1490,1491,1492,
LG siderms;42,77,264,280,283,327,331,370,384,404,427,429,483,484,485,486,487,488,524,531,547,548,549,550,551,552,553,564,636,640,663,666,675,685,720,743,757,763,764,765,785,842,850,917,932,947,979,1203,1219,1293,1405,1495,1497,1498,1504,1556,1608,1611,1629,1639,1818,2069,
LG sideav;42,77,264,283,327,331,370,397,404,482,483,484,485,486,487,488,531,547,548,549,550,551,552,553,564,636,663,666,685,720,757,763,764,765,834,947,979,1203,1293,1362,1405,1491,1492,1493,1495,1497,1498,1504,1556,1608,1629,2065,2069,
LG maxd;42,77,214,264,280,283,289,296,317,327,331,370,384,427,429,483,484,485,486,487,488,524,531,547,549,551,552,553,564,636,640,663,664,666,720,743,757,763,764,765,785,842,850,917,932,947,979,1203,1204,1219,1293,1357,1405,1424,1495,1498,1499,1504,1556,1611,1629,1639,1818,2069,
