JON flexi;45,46,68,69,70,81,82,83,84,281,282,283,284,305,306,307,308,309,310,311,312,313,
JON procr;49,56,57,58,59,60,61,64,67,68,69,70,71,72,73,77,78,79,80,237,238,239,278,279,280,281,282,283,284,285,293,302,303,304,305,306,307,308,309,
JON hinge ;67,68,69,70,71,72,73,304,306,307,308,309,
JON siderms;19,71,170,182,214,222,265,269,282,
JON sideav ;19,71,149,182,222,265,269,282,
JON maxd;19,71,170,182,214,222,259,265,269,282,


LG flexi;45,46,68,69,70,81,82,83,84,307,308,309,310,331,332,333,334,335,336,337,338,339,
LG procr;49,56,57,58,59,60,61,64,67,68,69,70,71,72,73,77,78,79,80,263,264,265,304,305,306,307,308,309,310,311,319,328,329,330,331,332,333,334,335,
LG hinge;67,68,69,70,71,72,73,330,332,333,334,335,
LG siderms;19,71,196,208,240,248,291,295,308,
LG sideav;19,71,175,208,248,291,295,308,
LG maxd;19,71,196,208,240,248,285,291,295,308,
