JON flexi;307,308,309,310,311,312,313,334,335,336,337,338,339,340,341,342,343,344,417,
JON procr;311,312,313,314,315,316,317,334,335,336,337,338,339,340,421,
JON hinge ;311,312,315,316,317,327,328,329,330,333,334,335,336,339,
JON siderms;35,45,104,127,317,318,417,420,480,
JON sideav ;35,45,102,104,127,317,318,417,480,
JON maxd;32,35,45,104,127,317,318,372,417,420,480,


LG flexi;258,259,260,261,262,263,264,285,286,287,288,289,290,291,292,293,294,295,368,
LG procr;262,263,264,265,266,267,268,285,286,287,288,289,290,291,372,
LG hinge;262,263,266,267,268,278,279,280,281,284,285,286,287,290,
LG siderms;111,121,180,203,268,269,368,371,431,
LG sideav;111,121,178,180,203,268,269,368,431,
LG maxd;108,111,121,180,203,268,269,323,368,371,431,
