JON flexi;161,162,163,164,165,200,212,232,233,234,235,236,237,409,470,471,504,505,
JON procr;165,166,167,168,169,196,216,220,221,230,231,232,233,405,467,508,509,515,
JON hinge ;165,166,168,196,219,220,221,222,231,232,233,405,508,509,539,581,
JON siderms;188,218,222,236,237,465,532,546,626,
JON sideav ;188,218,236,465,532,546,626,
JON maxd;188,222,236,237,465,532,546,626,


LG flexi;59,60,61,62,63,98,110,130,131,132,133,134,135,314,375,376,409,410,
LG procr;63,64,65,66,67,94,114,118,119,128,129,130,131,310,372,413,414,420,
LG hinge;63,64,66,94,117,118,119,120,129,130,131,310,413,414,444,486,
LG siderms;86,116,120,134,135,370,437,451,531,
LG sideav;86,116,134,370,437,451,531,
LG maxd;86,120,134,135,370,437,451,531,
