JON flexi;35,36,135,213,214,215,216,217,218,219,220,221,
JON procr;39,93,94,95,96,104,105,131,209,210,211,212,213,214,215,216,
JON hinge ;39,94,95,96,97,102,103,104,105,106,214,
JON siderms;50,60,97,108,
JON sideav ;35,36,37,95,97,100,102,115,213,
JON maxd;50,60,86,97,108,


LG flexi;30,31,130,208,209,210,211,212,213,214,215,216,
LG procr;34,88,89,90,91,99,100,126,204,205,206,207,208,209,210,211,
LG hinge;34,89,90,91,92,97,98,99,100,101,209,
LG siderms;45,55,92,103,
LG sideav;30,31,32,90,92,95,97,110,208,
LG maxd;45,55,81,92,103,
