JON flexi;99,100,101,102,103,104,105,106,107,108,109,110,111,112,113,114,115,116,117,118,119,120,121,122,123,124,125,126,127,128,129,130,131,132,133,134,135,136,697,698,699,911,912,913,
JON procr;103,104,108,109,110,111,112,113,114,115,118,119,120,121,122,123,124,125,126,127,128,129,130,701,702,
JON hinge ;108,109,110,111,112,113,114,121,122,123,126,127,128,129,130,654,663,701,702,703,915,
JON siderms;136,687,698,699,774,830,962,
JON sideav ;126,136,687,774,830,962,965,
JON maxd;136,687,698,699,774,820,830,962,


LG flexi;99,100,101,102,103,104,105,106,107,108,109,110,111,112,113,114,115,116,117,118,119,120,121,122,123,124,125,126,127,128,129,130,131,132,133,134,135,136,697,698,699,911,912,913,
LG procr;103,104,108,109,110,111,112,113,114,115,118,119,120,121,122,123,124,125,126,127,128,129,130,701,702,
LG hinge;108,109,110,111,112,113,114,121,122,123,126,127,128,129,130,654,663,701,702,703,915,
LG siderms;136,687,698,699,774,830,962,
LG sideav;126,136,687,774,830,962,965,
LG maxd;136,687,698,699,774,820,830,962,
