JON flexi;219,220,221,222,223,224,225,226,227,228,229,240,241,242,243,244,253,394,395,
JON procr;222,223,224,225,226,227,228,229,230,231,232,237,238,239,240,398,
JON hinge ;218,219,223,224,227,228,230,231,232,239,240,398,
JON siderms;54,64,183,192,234,
JON sideav ;54,64,183,187,192,
JON maxd;54,64,183,191,192,234,


LG flexi;219,220,221,222,223,224,225,226,227,228,229,240,241,242,243,244,253,394,395,
LG procr;222,223,224,225,226,227,228,229,230,231,232,237,238,239,240,398,
LG hinge;218,219,223,224,227,228,230,231,232,239,240,398,
LG siderms;54,64,183,192,234,
LG sideav;54,64,183,187,192,
LG maxd;54,64,183,191,192,234,
