JON flexi;29,42,136,137,138,139,160,161,162,182,183,184,185,186,187,188,189,190,191,192,193,194,475,476,477,608,621,656,657,658,659,660,661,662,663,664,665,666,667,668,669,670,671,672,673,674,708,709,727,
JON procr;133,134,135,136,137,138,139,140,141,162,179,180,181,182,183,184,185,186,187,188,
JON hinge ;39,44,133,134,135,136,137,138,139,140,141,181,182,183,184,185,186,188,473,474,475,476,478,
JON siderms;139,161,185,269,320,361,473,543,554,805,959,
JON sideav ;29,139,161,162,185,226,269,473,524,543,554,959,
JON maxd;139,161,185,269,320,473,543,554,805,959,


LG flexi;29,42,136,137,138,139,160,161,162,182,183,184,185,186,187,188,189,190,191,192,193,194,475,476,477,608,621,656,657,658,659,660,661,662,663,664,665,666,667,668,669,670,671,672,673,674,708,709,727,
LG procr;133,134,135,136,137,138,139,140,141,162,179,180,181,182,183,184,185,186,187,188,
LG hinge;39,44,133,134,135,136,137,138,139,140,141,181,182,183,184,185,186,188,473,474,475,476,478,
LG siderms;139,161,185,269,320,361,473,543,554,805,959,
LG sideav;29,139,161,162,185,226,269,473,524,543,554,959,
LG maxd;139,161,185,269,320,473,543,554,805,959,
