JON flexi;321,322,323,324,325,597,598,599,600,601,602,603,604,605,606,607,608,609,610,611,612,613,614,615,616,617,618,619,620,621,993,1472,1473,1474,1475,1493,1494,1495,1496,1509,1510,1511,1512,1513,1514,1515,1516,1517,1518,1519,1520,1521,1522,
JON procr;317,318,319,320,321,601,602,603,605,606,607,608,609,610,611,614,615,616,617,997,1469,1470,1471,1489,1490,1491,1492,1513,1514,1515,1516,1517,1518,1519,1520,1521,1522,1523,1524,1525,1526,
JON hinge ;318,319,320,321,407,408,409,601,602,603,605,606,607,608,609,610,614,615,616,617,1470,1471,1489,1490,1491,1492,1513,1514,1525,
JON siderms;73,124,222,245,262,321,322,323,324,325,352,366,411,477,560,567,600,609,617,618,620,621,834,993,996,1147,1149,1169,1251,1299,1472,1473,1474,1494,1496,1528,1628,1634,1659,
JON sideav ;124,202,222,245,262,321,322,323,324,325,352,366,411,477,599,600,609,617,618,620,621,834,993,1149,1212,1251,1299,1434,1472,1473,1474,1494,1495,1496,1510,1528,1634,1659,
JON maxd;124,222,245,262,321,323,324,325,352,366,477,534,560,567,609,617,618,620,621,834,993,996,1147,1149,1169,1251,1290,1299,1471,1473,1474,1496,1528,1628,1634,1657,1659,1679,


LG flexi;397,398,399,400,401,673,674,675,676,677,678,679,680,681,682,683,684,685,686,687,688,689,690,691,692,693,694,695,696,697,1069,1548,1549,1550,1551,1569,1570,1571,1572,1585,1586,1587,1588,1589,1590,1591,1592,1593,1594,1595,1596,1597,1598,
LG procr;393,394,395,396,397,677,678,679,681,682,683,684,685,686,687,690,691,692,693,1073,1545,1546,1547,1565,1566,1567,1568,1589,1590,1591,1592,1593,1594,1595,1596,1597,1598,1599,1600,1601,1602,
LG hinge;394,395,396,397,483,484,485,677,678,679,681,682,683,684,685,686,690,691,692,693,1546,1547,1565,1566,1567,1568,1589,1590,1601,
LG siderms;149,200,298,321,338,397,398,399,400,401,428,442,487,553,636,643,676,685,693,694,696,697,910,1069,1072,1223,1225,1245,1327,1375,1548,1549,1550,1570,1572,1604,1704,1710,1735,
LG sideav;200,278,298,321,338,397,398,399,400,401,428,442,487,553,675,676,685,693,694,696,697,910,1069,1225,1288,1327,1375,1510,1548,1549,1550,1570,1571,1572,1586,1604,1710,1735,
LG maxd;200,298,321,338,397,399,400,401,428,442,553,610,636,643,685,693,694,696,697,910,1069,1072,1223,1225,1245,1327,1366,1375,1547,1549,1550,1572,1604,1704,1710,1733,1735,1755,
