JON flexi;5,6,7,8,9,10,11,12,13,72,73,74,75,76,77,78,79,80,81,82,83,84,85,180,
JON procr;9,65,69,72,73,74,75,76,77,78,79,80,81,82,83,84,85,176,
JON hinge ;68,72,73,74,75,76,77,80,81,82,
JON siderms;73,80,83,85,89,120,156,
JON sideav ;5,6,7,8,13,156,
JON maxd;73,80,83,85,89,120,156,


LG flexi;4,5,6,7,8,9,10,11,12,72,73,74,75,76,77,78,79,80,81,82,83,84,85,180,
LG procr;8,65,69,72,73,74,75,76,77,78,79,80,81,82,83,84,85,176,
LG hinge;68,72,73,74,75,76,77,80,81,82,
LG siderms;73,80,83,85,89,120,156,
LG sideav;4,5,6,7,12,156,
LG maxd;73,80,83,85,89,120,156,
