JON flexi;81,82,83,84,85,86,87,88,89,90,91,92,93,100,101,102,103,104,105,106,107,108,109,110,111,112,113,120,121,122,123,124,125,126,127,128,129,130,131,132,133,134,135,136,137,138,139,140,141,142,143,144,145,146,147,148,149,150,152,153,154,155,156,157,158,159,160,161,162,163,164,165,166,167,168,169,170,171,172,173,174,175,176,177,178,179,180,181,182,183,184,185,186,187,188,189,190,191,192,193,194,195,196,197,198,199,200,201,202,203,204,205,206,207,218,219,220,221,222,241,242,243,244,245,246,247,248,249,250,251,252,253,254,
JON procr;85,86,87,88,89,104,105,106,107,108,109,124,125,126,127,128,129,131,132,133,134,135,136,137,138,139,140,141,142,143,144,145,146,156,157,158,159,160,161,162,163,164,165,166,167,168,169,170,171,172,173,174,175,176,177,178,179,180,181,182,183,184,185,186,187,188,189,190,191,192,193,194,195,196,197,198,199,200,201,202,203,204,205,206,207,208,209,217,218,245,246,247,248,249,250,
JON hinge ;132,136,137,138,139,144,146,166,183,185,190,192,197,199,245,246,
JON siderms;82,120,143,178,200,206,244,
JON sideav ;82,143,178,200,206,244,
JON maxd;82,120,143,163,178,200,206,244,


LG flexi;81,82,83,84,85,86,87,88,89,90,91,92,93,100,101,102,103,104,105,106,107,108,109,110,111,112,113,120,121,122,123,124,125,126,127,128,129,130,131,132,133,134,135,136,137,138,139,140,141,142,143,144,145,146,147,148,149,150,152,153,154,155,156,157,158,159,160,161,162,163,164,165,166,167,168,169,170,171,172,173,174,175,176,177,178,179,180,181,182,183,184,185,186,187,188,189,190,191,192,193,194,195,196,197,198,199,200,201,202,203,204,205,206,207,218,219,220,221,222,241,242,243,244,245,246,247,248,249,250,251,252,253,254,
LG procr;85,86,87,88,89,104,105,106,107,108,109,124,125,126,127,128,129,131,132,133,134,135,136,137,138,139,140,141,142,143,144,145,146,156,157,158,159,160,161,162,163,164,165,166,167,168,169,170,171,172,173,174,175,176,177,178,179,180,181,182,183,184,185,186,187,188,189,190,191,192,193,194,195,196,197,198,199,200,201,202,203,204,205,206,207,208,209,217,218,245,246,247,248,249,250,
LG hinge;132,136,137,138,139,144,146,166,183,185,190,192,197,199,245,246,
LG siderms;82,120,143,178,200,206,244,
LG sideav;82,143,178,200,206,244,
LG maxd;82,120,143,163,178,200,206,244,
