JON flexi;383,401,402,403,404,455,466,467,484,
JON procr;330,331,332,333,334,335,380,381,382,383,384,385,399,400,459,464,465,466,467,468,469,
JON hinge ;331,332,333,334,336,337,338,380,381,382,383,398,399,400,463,466,467,468,469,
JON siderms;138,333,349,352,355,357,426,455,481,
JON sideav ;221,349,352,355,363,383,455,467,480,481,
JON maxd;138,349,352,355,357,455,481,


LG flexi;387,405,406,407,408,459,470,471,488,
LG procr;334,335,336,337,338,339,384,385,386,387,388,389,403,404,463,468,469,470,471,472,473,
LG hinge;335,336,337,338,340,341,342,384,385,386,387,402,403,404,467,470,471,472,473,
LG siderms;142,337,353,356,359,361,430,459,485,
LG sideav;225,353,356,359,367,387,459,471,484,485,
LG maxd;142,353,356,359,361,459,485,
