JON flexi;175,176,177,188,189,190,191,212,233,234,243,259,335,
JON procr;172,173,174,175,176,177,178,179,180,192,230,247,331,
JON hinge ;175,176,179,180,187,188,192,193,194,209,210,211,229,230,247,
JON siderms;97,153,187,243,
JON sideav ;97,153,176,243,
JON maxd;97,153,187,243,


LG flexi;156,157,158,169,170,171,172,193,214,215,224,240,316,
LG procr;153,154,155,156,157,158,159,160,161,173,211,228,312,
LG hinge;156,157,160,161,168,169,173,174,175,190,191,192,210,211,228,
LG siderms;78,134,168,224,
LG sideav;78,134,157,224,
LG maxd;78,134,168,224,
