JON flexi;7,8,229,230,576,577,578,579,580,591,1314,1315,1352,1353,1354,1355,
JON procr;11,12,574,575,576,577,578,579,580,581,587,588,589,590,591,592,593,594,595,1310,1311,1312,1313,1314,1315,1316,1317,1318,1319,1350,1351,
JON hinge ;11,574,575,576,577,579,580,581,582,588,589,593,1314,1316,
JON siderms;7,8,68,101,135,165,225,231,242,247,255,292,318,400,430,437,450,454,507,529,548,567,577,613,653,678,706,725,729,800,818,844,850,1020,1034,1132,1140,1180,1227,1344,1354,
JON sideav ;7,8,68,101,135,165,169,225,231,242,247,255,292,318,400,424,437,450,507,529,533,548,567,577,678,706,725,729,800,844,850,1020,1132,1140,1252,1315,1344,1354,
JON maxd;7,8,68,101,135,165,225,231,242,247,255,292,318,404,430,437,450,454,507,529,532,548,567,577,613,649,653,706,725,729,800,819,836,844,850,1020,1034,1047,1064,1132,1140,1180,1227,1271,1344,1355,


LG flexi;7,8,229,230,576,577,578,579,580,591,1314,1315,1352,1353,1354,1355,
LG procr;11,12,574,575,576,577,578,579,580,581,587,588,589,590,591,592,593,594,595,1310,1311,1312,1313,1314,1315,1316,1317,1318,1319,1350,1351,
LG hinge;11,574,575,576,577,579,580,581,582,588,589,593,1314,1316,
LG siderms;7,8,68,101,135,165,225,231,242,247,255,292,318,400,430,437,450,454,507,529,548,567,577,613,653,678,706,725,729,800,818,844,850,1020,1034,1132,1140,1180,1227,1344,1354,
LG sideav;7,8,68,101,135,165,169,225,231,242,247,255,292,318,400,424,437,450,507,529,533,548,567,577,678,706,725,729,800,844,850,1020,1132,1140,1252,1315,1344,1354,
LG maxd;7,8,68,101,135,165,225,231,242,247,255,292,318,404,430,437,450,454,507,529,532,548,567,577,613,649,653,706,725,729,800,819,836,844,850,1020,1034,1047,1064,1132,1140,1180,1227,1271,1344,1355,
