JON flexi;62,63,122,123,124,125,126,127,128,129,130,131,221,
JON procr;118,119,120,121,122,123,124,125,126,
JON hinge ;66,118,120,121,122,123,124,126,127,128,219,
JON siderms;65,66,97,100,164,211,240,243,246,
JON sideav ;65,66,97,100,123,164,211,240,243,246,
JON maxd;65,66,97,100,164,211,240,243,246,


LG flexi;62,63,122,123,124,125,126,127,128,129,130,131,221,
LG procr;118,119,120,121,122,123,124,125,126,
LG hinge;66,118,120,121,122,123,124,126,127,128,219,
LG siderms;65,66,97,100,164,211,240,243,246,
LG sideav;65,66,97,100,123,164,211,240,243,246,
LG maxd;65,66,97,100,164,211,240,243,246,
