JON flexi;79,374,375,376,377,378,379,380,381,382,383,384,385,424,425,426,427,428,429,430,431,432,433,434,435,436,437,438,439,440,441,442,443,444,445,455,456,457,458,459,460,461,462,463,464,465,466,567,568,569,
JON procr;83,153,154,155,156,378,379,380,381,428,429,430,431,432,433,434,435,436,437,438,439,440,441,442,443,444,445,446,447,448,451,452,453,454,455,456,457,458,459,460,461,462,540,544,545,546,563,564,565,
JON hinge ;83,150,151,154,155,303,304,337,428,429,430,431,433,436,437,443,448,451,452,453,454,455,456,457,458,459,462,540,545,546,564,565,
JON siderms;115,125,155,159,192,305,306,323,384,445,446,457,
JON sideav ;125,155,192,305,306,323,384,445,446,457,
JON maxd;115,125,155,159,192,305,306,323,384,445,446,457,


LG flexi;113,408,409,410,411,412,413,414,415,416,417,418,419,458,459,460,461,462,463,464,465,466,467,468,469,470,471,472,473,474,475,476,477,478,479,489,490,491,492,493,494,495,496,497,498,499,500,601,602,603,
LG procr;117,187,188,189,190,412,413,414,415,462,463,464,465,466,467,468,469,470,471,472,473,474,475,476,477,478,479,480,481,482,485,486,487,488,489,490,491,492,493,494,495,496,574,578,579,580,597,598,599,
LG hinge;117,184,185,188,189,337,338,371,462,463,464,465,467,470,471,477,482,485,486,487,488,489,490,491,492,493,496,574,579,580,598,599,
LG siderms;149,159,189,193,226,339,340,357,418,479,480,491,
LG sideav;159,189,226,339,340,357,418,479,480,491,
LG maxd;149,159,189,193,226,339,340,357,418,479,480,491,
