JON flexi;58,59,60,61,62,63,64,145,146,147,148,149,150,151,152,175,176,313,
JON procr;143,144,145,146,147,148,150,151,152,153,154,155,171,172,173,174,175,176,177,178,179,
JON hinge ;143,144,145,146,147,148,149,151,152,153,154,155,177,
JON siderms;2,32,35,81,120,133,162,173,204,208,221,256,291,
JON sideav ;2,81,115,118,125,133,153,162,204,208,221,291,471,
JON maxd;2,32,35,81,120,133,162,173,204,208,221,256,291,


LG flexi;58,59,60,61,62,63,64,146,147,148,149,150,151,152,153,176,177,314,
LG procr;144,145,146,147,148,149,151,152,153,154,155,156,172,173,174,175,176,177,178,179,180,
LG hinge;144,145,146,147,148,149,150,152,153,154,155,156,178,
LG siderms;2,32,35,81,121,134,163,174,205,209,222,257,292,
LG sideav;2,81,116,119,126,134,154,163,205,209,222,292,472,
LG maxd;2,32,35,81,121,134,163,174,205,209,222,257,292,
