JON flexi;109,399,400,401,402,403,404,405,406,407,409,726,1041,1042,1043,1044,1045,1046,1047,1048,1049,1050,1051,1055,1056,1057,1058,1059,1060,1061,1062,1063,1065,1066,1067,1068,1069,1070,1071,1072,1073,
JON procr;85,86,87,88,89,93,94,95,98,99,100,103,104,105,106,107,108,109,110,111,112,113,114,403,413,416,547,548,549,560,598,722,764,765,766,767,768,769,770,771,772,788,789,790,809,810,811,812,995,1045,1046,1047,1059,1069,
JON hinge ;87,88,93,95,97,100,103,104,105,106,107,109,110,111,112,415,547,548,549,560,722,764,772,787,788,789,810,811,943,1045,1046,1047,1059,1110,
JON siderms;110,111,116,151,214,241,587,612,646,662,765,772,1060,
JON sideav ;110,111,116,151,214,315,587,612,646,662,741,765,772,791,1055,1056,
JON maxd;110,111,116,151,214,241,587,612,646,662,765,772,1060,


LG flexi;109,399,400,401,402,403,404,405,406,407,409,726,1041,1042,1043,1044,1045,1046,1047,1048,1049,1050,1051,1055,1056,1057,1058,1059,1060,1061,1062,1063,1065,1066,1067,1068,1069,1070,1071,1072,1073,
LG procr;85,86,87,88,89,93,94,95,98,99,100,103,104,105,106,107,108,109,110,111,112,113,114,403,413,416,547,548,549,560,598,722,764,765,766,767,768,769,770,771,772,788,789,790,809,810,811,812,995,1045,1046,1047,1059,1069,
LG hinge;87,88,93,95,97,100,103,104,105,106,107,109,110,111,112,415,547,548,549,560,722,764,772,787,788,789,810,811,943,1045,1046,1047,1059,1110,
LG siderms;110,111,116,151,214,241,587,612,646,662,765,772,1060,
LG sideav;110,111,116,151,214,315,587,612,646,662,741,765,772,791,1055,1056,
LG maxd;110,111,116,151,214,241,587,612,646,662,765,772,1060,
