JON flexi;199,368,536,537,538,539,
JON procr;195,196,197,198,199,200,201,202,203,364,532,533,534,535,
JON hinge ;284,532,533,534,535,
JON siderms;73,75,317,368,373,381,391,508,536,537,538,539,560,695,
JON sideav ;56,75,317,358,368,373,381,508,536,537,538,694,695,
JON maxd;73,75,317,324,373,381,391,462,470,508,536,537,538,539,560,695,


LG flexi;199,368,536,537,538,539,
LG procr;195,196,197,198,199,200,201,202,203,364,532,533,534,535,
LG hinge;284,532,533,534,535,
LG siderms;73,75,317,368,373,381,391,508,536,537,538,539,560,695,
LG sideav;56,75,317,358,368,373,381,508,536,537,538,694,695,
LG maxd;73,75,317,324,373,381,391,462,470,508,536,537,538,539,560,695,
