JON flexi;28,29,51,313,314,315,358,359,360,453,
JON procr;12,13,14,15,16,32,33,49,50,53,54,234,244,245,246,265,266,267,268,269,270,277,304,309,310,311,362,363,383,
JON hinge ;12,13,14,15,16,32,33,34,50,54,139,244,266,267,268,269,270,303,311,362,363,383,384,385,430,
JON siderms;17,93,265,273,274,308,313,358,360,
JON sideav ;14,16,93,188,265,269,273,274,308,358,
JON maxd;17,93,265,273,274,308,313,360,


LG flexi;28,29,51,313,314,315,358,359,360,453,
LG procr;12,13,14,15,16,32,33,49,50,53,54,234,244,245,246,265,266,267,268,269,270,277,304,309,310,311,362,363,383,
LG hinge;12,13,14,15,16,32,33,34,50,54,139,244,266,267,268,269,270,303,311,362,363,383,384,385,430,
LG siderms;17,93,265,273,274,308,313,358,360,
LG sideav;14,16,93,188,265,269,273,274,308,358,
LG maxd;17,93,265,273,274,308,313,360,
