JON flexi;615,616,617,618,619,620,621,622,623,624,642,643,644,645,1034,1202,1206,1271,1272,1273,1274,1275,
JON procr;619,620,638,639,640,641,1030,1074,1076,1077,1078,1079,1080,1198,1210,1275,1276,1277,1278,1279,1280,1281,
JON hinge ;619,620,632,635,636,639,1023,1024,1030,1075,1076,1077,1078,1080,1081,1114,1116,1119,1120,1121,1123,1210,1275,1279,
JON siderms;909,947,953,965,1013,1139,1237,1278,1282,
JON sideav ;909,947,953,965,1013,1139,1237,1278,1282,
JON maxd;909,947,953,965,1013,1139,1163,1183,1237,1278,1282,


LG flexi;615,616,617,618,619,620,621,622,623,624,642,643,644,645,1033,1201,1205,1270,1271,1272,1273,1274,
LG procr;619,620,638,639,640,641,1029,1073,1075,1076,1077,1078,1079,1197,1209,1274,1275,1276,1277,1278,1279,1280,
LG hinge;619,620,632,635,636,639,1022,1023,1029,1074,1075,1076,1077,1079,1080,1113,1115,1118,1119,1120,1122,1209,1274,1278,
LG siderms;908,946,952,964,1012,1138,1236,1277,1281,
LG sideav;908,946,952,964,1012,1138,1236,1277,1281,
LG maxd;908,946,952,964,1012,1138,1162,1182,1236,1277,1281,
