JON flexi;143,144,145,146,147,148,149,150,151,152,153,154,
JON procr;141,142,143,144,145,146,147,148,149,150,151,152,153,
JON hinge ;141,142,143,144,145,146,147,148,149,150,151,152,153,
JON siderms;46,56,84,95,106,114,118,119,125,128,129,144,149,151,162,575,593,670,
JON sideav ;46,84,95,106,114,119,125,128,129,132,144,148,149,151,162,575,593,670,
JON maxd;46,50,56,84,95,106,114,118,119,125,128,129,142,144,149,151,162,575,593,670,


LG flexi;180,181,182,183,184,185,186,187,188,189,190,191,
LG procr;178,179,180,181,182,183,184,185,186,187,188,189,190,
LG hinge;178,179,180,181,182,183,184,185,186,187,188,189,190,
LG siderms;83,93,121,132,143,151,155,156,162,165,166,181,186,188,199,612,630,707,
LG sideav;83,121,132,143,151,156,162,165,166,169,181,185,186,188,199,612,630,707,
LG maxd;83,87,93,121,132,143,151,155,156,162,165,166,179,181,186,188,199,612,630,707,
