JON flexi;438,439,440,441,442,443,444,445,446,447,448,449,637,638,639,640,641,642,643,644,645,646,876,1809,1810,1811,1812,1813,1814,1815,1816,1817,1818,1819,1820,1821,1857,
JON procr;442,443,444,445,641,642,880,1729,1813,1814,1815,1816,1817,1818,1819,1820,1821,1822,1823,1824,1825,1826,1861,
JON hinge ;442,443,445,641,642,1708,1709,1724,1729,1798,1813,1814,1815,1818,1819,1820,1821,1822,1823,1824,1825,1826,1861,
JON siderms;74,237,325,428,446,469,474,640,1473,1490,1527,1532,1602,1604,1638,1641,1701,1724,1725,1727,1751,1752,1764,1772,1796,1802,1816,1824,1857,
JON sideav ;237,428,446,637,640,876,878,879,881,882,886,1473,1527,1532,1604,1638,1641,1701,1725,1727,1752,1764,1802,1824,1857,
JON maxd;237,325,428,446,469,640,1473,1489,1490,1492,1527,1532,1602,1604,1638,1641,1673,1701,1725,1727,1752,1764,1772,1802,1816,1824,1857,


LG flexi;385,386,387,388,389,390,391,392,393,394,395,396,584,585,586,587,588,589,590,591,592,593,1227,1761,1762,1763,1764,1765,1766,1767,1768,1769,1770,1771,1772,1773,1809,
LG procr;389,390,391,392,588,589,1231,1681,1765,1766,1767,1768,1769,1770,1771,1772,1773,1774,1775,1776,1777,1778,1813,
LG hinge;389,390,392,588,589,1660,1661,1676,1681,1750,1765,1766,1767,1770,1771,1772,1773,1774,1775,1776,1777,1778,1813,
LG siderms;21,184,272,375,393,416,421,587,1425,1442,1479,1484,1554,1556,1590,1593,1653,1676,1677,1679,1703,1704,1716,1724,1748,1754,1768,1776,1809,
LG sideav;184,375,393,584,587,1227,1229,1230,1232,1233,1237,1425,1479,1484,1556,1590,1593,1653,1677,1679,1704,1716,1754,1776,1809,
LG maxd;184,272,375,393,416,587,1425,1441,1442,1444,1479,1484,1554,1556,1590,1593,1625,1653,1677,1679,1704,1716,1724,1754,1768,1776,1809,
