JON flexi;171,172,238,595,709,710,711,712,713,714,715,716,717,718,719,720,758,759,760,761,762,778,779,780,781,782,783,784,785,
JON procr;167,168,169,170,171,172,173,174,175,591,592,593,594,595,596,597,598,599,719,756,757,758,759,760,761,762,763,764,765,
JON hinge ;168,169,172,173,174,595,716,717,721,722,756,757,758,759,760,761,762,763,764,765,
JON siderms;80,203,211,218,237,329,354,360,494,495,531,574,681,682,685,711,763,764,776,777,
JON sideav ;33,80,81,141,201,203,218,237,250,300,354,355,360,494,495,503,531,574,698,706,712,713,735,758,761,766,
JON maxd;66,77,80,203,211,218,237,329,354,360,494,495,531,574,681,682,685,711,763,764,776,777,


LG flexi;171,172,238,595,709,710,711,712,713,714,715,716,717,718,719,720,758,759,760,761,762,778,779,780,781,782,783,784,785,
LG procr;167,168,169,170,171,172,173,174,175,591,592,593,594,595,596,597,598,599,719,756,757,758,759,760,761,762,763,764,765,
LG hinge;168,169,172,173,174,595,716,717,721,722,756,757,758,759,760,761,762,763,764,765,
LG siderms;80,203,211,218,237,329,354,360,494,495,531,574,681,682,685,711,763,764,776,777,
LG sideav;33,80,81,141,201,203,218,237,250,300,354,355,360,494,495,503,531,574,698,706,712,713,735,758,761,766,
LG maxd;66,77,80,203,211,218,237,329,354,360,494,495,531,574,681,682,685,711,763,764,776,777,
