JON flexi;448,486,487,489,490,491,840,841,842,918,919,951,952,953,
JON procr;483,837,838,839,840,841,842,843,844,915,947,948,949,977,978,979,980,981,982,983,984,
JON hinge ;298,837,838,839,840,841,842,843,844,845,846,915,948,949,978,979,980,
JON siderms;175,281,315,491,528,578,751,814,840,841,851,867,911,919,951,952,953,978,1056,1057,
JON sideav ;175,281,292,491,528,578,590,751,841,867,919,952,953,978,1056,
JON maxd;175,281,288,315,491,528,578,751,814,840,841,851,867,911,919,952,953,978,1032,1056,1057,


LG flexi;448,486,487,489,490,491,840,841,842,918,919,951,952,953,
LG procr;483,837,838,839,840,841,842,843,844,915,947,948,949,977,978,979,980,981,982,983,984,
LG hinge;298,837,838,839,840,841,842,843,844,845,846,915,948,949,978,979,980,
LG siderms;175,281,315,491,528,578,751,814,840,841,851,867,911,919,951,952,953,978,1056,1057,
LG sideav;175,281,292,491,528,578,590,751,841,867,919,952,953,978,1056,
LG maxd;175,281,288,315,491,528,578,751,814,840,841,851,867,911,919,952,953,978,1032,1056,1057,
