JON flexi;82,190,191,224,791,792,793,794,798,799,827,828,829,830,831,832,833,834,894,908,909,910,911,912,913,914,915,916,
JON procr;750,751,752,753,754,755,789,790,802,803,827,828,829,830,831,832,833,834,835,905,907,908,909,910,911,912,913,914,915,916,917,
JON hinge ;194,751,753,789,790,802,829,830,831,833,834,835,836,837,838,905,907,908,910,911,912,913,914,915,919,
JON siderms;86,111,213,235,236,247,256,258,732,741,751,766,838,867,921,927,944,980,988,
JON sideav ;86,111,213,235,236,247,258,741,766,798,867,913,921,927,944,980,988,
JON maxd;86,111,213,235,236,247,258,732,741,751,766,782,838,921,927,980,988,


LG flexi;82,190,191,224,792,793,794,795,799,800,828,829,830,831,832,833,834,835,895,909,910,911,912,913,914,915,916,917,
LG procr;751,752,753,754,755,756,790,791,803,804,828,829,830,831,832,833,834,835,836,906,908,909,910,911,912,913,914,915,916,917,918,
LG hinge;194,752,754,790,791,803,830,831,832,834,835,836,837,838,839,906,908,909,911,912,913,914,915,916,920,
LG siderms;86,111,213,235,236,247,256,258,733,742,752,767,839,868,922,928,945,981,989,
LG sideav;86,111,213,235,236,247,258,742,767,799,868,914,922,928,945,981,989,
LG maxd;86,111,213,235,236,247,258,733,742,752,767,783,839,922,928,981,989,
