JON flexi;194,195,196,197,198,199,200,201,202,257,314,315,316,367,371,372,373,374,
JON procr;201,202,203,253,311,312,313,314,315,316,317,318,319,
JON hinge ;200,201,202,203,204,205,266,311,312,313,314,316,317,318,319,376,
JON siderms;195,199,227,228,249,271,274,307,326,331,363,388,407,411,
JON sideav ;195,199,227,228,230,249,271,274,307,326,331,363,388,407,
JON maxd;195,199,227,228,249,271,274,307,326,331,363,388,407,411,


LG flexi;107,108,109,110,111,112,113,114,115,170,227,228,229,280,284,285,286,287,
LG procr;114,115,116,166,224,225,226,227,228,229,230,231,232,
LG hinge;113,114,115,116,117,118,179,224,225,226,227,229,230,231,232,289,
LG siderms;108,112,140,141,162,184,187,220,239,244,276,301,320,324,
LG sideav;108,112,140,141,143,162,184,187,220,239,244,276,301,320,
LG maxd;108,112,140,141,162,184,187,220,239,244,276,301,320,324,
