JON flexi;5,6,7,8,18,19,20,21,22,23,24,25,26,27,28,29,30,31,32,33,34,93,94,95,96,97,98,99,100,101,102,103,104,105,106,107,120,121,122,123,124,125,126,127,128,129,147,148,149,150,151,152,153,170,171,172,186,187,188,189,190,191,192,193,194,195,196,197,198,199,200,201,202,203,204,236,237,238,239,240,241,242,243,244,245,246,247,248,249,250,261,262,263,333,362,363,374,
JON procr;146,147,148,149,150,151,152,153,197,198,
JON hinge ;120,121,145,146,148,149,150,151,152,153,154,197,198,
JON siderms;107,111,140,161,361,
JON sideav ;148,161,
JON maxd;107,111,140,161,361,


LG flexi;5,6,7,8,18,19,20,21,22,23,24,25,26,27,28,29,30,31,32,33,34,93,94,95,96,97,98,99,100,101,102,103,104,105,106,107,120,121,122,123,124,125,126,127,128,129,147,148,149,150,151,152,153,170,171,172,186,187,188,189,190,191,192,193,194,195,196,197,198,199,200,201,202,203,204,236,237,238,239,240,241,242,243,244,245,246,247,248,249,250,261,262,263,333,362,363,374,
LG procr;146,147,148,149,150,151,152,153,197,198,
LG hinge;120,121,145,146,148,149,150,151,152,153,154,197,198,
LG siderms;107,111,140,161,361,
LG sideav;148,161,
LG maxd;107,111,140,161,361,
