JON flexi;30,31,32,33,34,35,36,37,38,52,53,54,55,56,57,58,59,60,61,62,63,64,65,75,76,77,78,96,97,98,99,100,101,102,103,104,105,134,135,136,137,138,139,140,141,142,143,160,161,162,163,164,165,166,167,168,169,170,171,172,173,174,175,176,177,178,179,180,181,182,183,184,185,186,187,188,189,190,191,192,193,194,195,283,284,285,305,323,324,325,326,327,328,329,330,331,332,333,334,335,336,337,349,350,351,352,353,354,364,365,366,367,368,369,370,371,372,373,374,375,376,394,395,396,397,398,399,400,401,402,403,404,405,406,407,408,409,420,421,422,423,424,447,465,466,467,468,469,470,471,472,483,484,485,486,487,488,489,490,491,492,493,494,495,496,497,498,499,500,501,502,503,504,505,506,507,508,509,510,511,512,513,514,515,516,517,518,519,520,521,522,523,
JON procr;34,35,36,37,38,39,40,41,64,65,66,74,75,76,77,78,79,80,81,82,92,93,94,95,99,100,101,132,134,135,136,137,138,139,140,141,142,143,157,158,159,160,161,162,163,164,165,166,167,168,169,170,171,172,173,174,175,176,177,178,179,180,181,182,282,283,302,321,322,326,327,328,329,330,331,332,333,334,335,338,339,363,364,365,366,367,368,369,370,371,372,373,374,375,376,377,379,390,391,392,393,394,395,396,397,398,399,400,455,456,457,461,462,463,464,465,466,467,468,469,479,480,481,482,483,484,485,486,487,489,490,491,492,493,494,495,496,497,498,499,500,503,504,505,506,507,508,509,514,516,517,518,519,
JON hinge ;34,35,36,37,38,39,40,62,93,94,95,137,140,141,165,166,167,171,177,179,180,287,291,366,367,368,369,370,371,372,373,374,376,377,378,379,462,463,464,493,494,498,
JON siderms;181,277,517,
JON sideav ;36,139,181,277,372,517,
JON maxd;181,277,517,


LG flexi;30,31,32,33,34,35,36,37,38,52,53,54,55,56,57,58,59,60,61,62,63,64,65,75,76,77,78,96,97,98,99,100,101,102,103,104,105,134,135,136,137,138,139,140,141,142,143,160,161,162,163,164,165,166,167,168,169,170,171,172,173,174,175,176,177,178,179,180,181,182,183,184,185,186,187,188,189,190,191,192,193,194,195,283,284,285,305,323,324,325,326,327,328,329,330,331,332,333,334,335,336,337,349,350,351,352,353,354,364,365,366,367,368,369,370,371,372,373,374,375,376,394,395,396,397,398,399,400,401,402,403,404,405,406,407,408,409,420,421,422,423,424,447,465,466,467,468,469,470,471,472,483,484,485,486,487,488,489,490,491,492,493,494,495,496,497,498,499,500,501,502,503,504,505,506,507,508,509,510,511,512,513,514,515,516,517,518,519,520,521,522,523,
LG procr;34,35,36,37,38,39,40,41,64,65,66,74,75,76,77,78,79,80,81,82,92,93,94,95,99,100,101,132,134,135,136,137,138,139,140,141,142,143,157,158,159,160,161,162,163,164,165,166,167,168,169,170,171,172,173,174,175,176,177,178,179,180,181,182,282,283,302,321,322,326,327,328,329,330,331,332,333,334,335,338,339,363,364,365,366,367,368,369,370,371,372,373,374,375,376,377,379,390,391,392,393,394,395,396,397,398,399,400,455,456,457,461,462,463,464,465,466,467,468,469,479,480,481,482,483,484,485,486,487,489,490,491,492,493,494,495,496,497,498,499,500,503,504,505,506,507,508,509,514,516,517,518,519,
LG hinge;34,35,36,37,38,39,40,62,93,94,95,137,140,141,165,166,167,171,177,179,180,287,291,366,367,368,369,370,371,372,373,374,376,377,378,379,462,463,464,493,494,498,
LG siderms;181,277,517,
LG sideav;36,139,181,277,372,517,
LG maxd;181,277,517,
