JON flexi;403,404,405,421,422,423,424,518,519,520,521,522,523,524,525,526,527,528,529,530,531,532,533,1462,1463,1464,1465,1466,1467,1468,1469,1470,
JON procr;407,409,418,419,420,522,523,524,525,526,527,528,529,530,531,532,533,534,535,536,
JON hinge ;407,420,522,523,524,525,526,527,528,529,530,
JON siderms;152,153,258,280,315,364,403,405,420,422,423,424,472,524,525,526,527,529,530,532,557,574,1038,1742,1837,
JON sideav ;258,364,403,404,405,420,422,424,525,526,529,530,532,557,574,1038,1462,1463,1464,1465,1470,
JON maxd;152,153,258,280,315,364,403,405,408,422,472,524,525,526,527,529,530,532,557,570,574,1038,1742,1837,


LG flexi;412,413,414,430,431,432,433,527,528,529,530,531,532,533,534,535,536,537,538,539,540,541,542,1388,1389,1390,1391,1392,1393,1394,1395,1396,
LG procr;416,418,427,428,429,531,532,533,534,535,536,537,538,539,540,541,542,543,544,545,
LG hinge;416,429,531,532,533,534,535,536,537,538,539,
LG siderms;161,162,267,289,324,373,412,414,429,431,432,433,481,533,534,535,536,538,539,541,566,583,1047,1754,1849,
LG sideav;267,373,412,413,414,429,431,433,534,535,538,539,541,566,583,1047,1388,1389,1390,1391,1396,
LG maxd;161,162,267,289,324,373,412,414,417,431,481,533,534,535,536,538,539,541,566,579,583,1047,1754,1849,
