JON flexi;250,259,312,313,314,315,316,466,476,
JON procr;308,309,310,311,312,313,314,315,316,
JON hinge ;310,311,312,313,314,315,316,317,318,319,
JON siderms;41,45,73,247,259,301,316,323,333,523,542,547,
JON sideav ;41,45,73,259,316,323,523,547,
JON maxd;41,45,73,259,316,323,492,547,567,


LG flexi;250,259,312,313,314,315,316,456,466,
LG procr;308,309,310,311,312,313,314,315,316,
LG hinge;310,311,312,313,314,315,316,317,318,319,
LG siderms;41,45,73,247,259,301,316,323,333,513,532,537,
LG sideav;41,45,73,259,316,323,513,537,
LG maxd;41,45,73,259,316,323,482,537,557,
