JON flexi;608,609,610,611,612,613,614,615,616,617,618,619,620,621,622,623,
JON procr;612,613,614,615,616,617,618,619,620,621,622,623,624,625,626,
JON hinge ;612,614,615,616,618,619,622,623,634,641,642,653,661,672,
JON siderms;620,630,633,651,655,661,
JON sideav ;620,630,633,644,651,655,661,
JON maxd;620,633,634,647,651,655,661,


LG flexi;608,609,610,611,612,613,614,615,616,617,618,619,620,621,622,623,
LG procr;612,613,614,615,616,617,618,619,620,621,622,623,624,625,626,
LG hinge;612,614,615,616,618,619,622,623,634,641,642,653,661,672,
LG siderms;620,630,633,651,655,661,
LG sideav;620,630,633,644,651,655,661,
LG maxd;620,633,634,647,651,655,661,
