JON flexi;93,111,112,113,114,115,116,117,118,119,601,602,603,613,614,
JON procr;115,116,117,118,119,120,121,122,123,610,611,612,613,614,
JON hinge ;116,117,118,119,120,121,122,611,612,613,
JON siderms;57,80,119,121,173,177,189,321,346,410,451,514,543,603,609,
JON sideav ;57,80,118,121,173,175,189,321,346,398,410,451,603,609,610,
JON maxd;57,80,121,173,177,189,321,346,410,451,514,543,603,609,


LG flexi;175,193,194,195,196,197,198,199,200,201,683,684,685,695,696,
LG procr;197,198,199,200,201,202,203,204,205,692,693,694,695,696,
LG hinge;198,199,200,201,202,203,204,693,694,695,
LG siderms;139,162,201,203,255,259,271,403,428,492,533,596,625,685,691,
LG sideav;139,162,200,203,255,257,271,403,428,480,492,533,685,691,692,
LG maxd;139,162,203,255,259,271,403,428,492,533,596,625,685,691,
