JON flexi;20,21,22,23,24,25,41,83,84,85,86,87,88,89,114,238,239,240,271,335,336,337,338,339,340,341,342,363,365,467,468,580,581,616,617,618,619,620,633,634,635,636,637,660,661,662,663,664,665,666,667,668,669,670,671,672,673,674,675,676,679,680,681,682,683,684,808,809,810,811,812,813,
JON procr;58,82,83,84,85,235,236,237,270,271,272,280,281,282,457,464,622,623,630,631,636,637,639,657,658,659,660,661,662,663,664,665,666,667,668,669,683,684,695,696,
JON hinge ;52,60,82,236,237,238,241,242,243,269,270,273,274,275,281,282,333,359,456,457,458,464,610,614,615,618,619,623,631,632,633,634,635,639,657,658,659,661,662,663,667,668,669,683,686,687,694,695,696,697,698,699,
JON siderms;77,157,207,210,223,265,267,315,341,365,386,404,426,446,451,458,464,610,617,631,634,688,689,691,810,842,1017,
JON sideav ;77,207,210,265,267,315,341,365,386,404,426,451,458,464,617,631,634,682,683,688,689,691,810,842,1017,
JON maxd;77,157,182,207,210,223,265,267,315,341,365,386,404,426,451,458,464,610,617,631,634,688,689,691,810,842,1017,1032,


LG flexi;214,215,216,217,218,219,235,277,278,279,280,281,282,283,308,432,433,434,465,529,530,531,532,533,534,535,536,557,559,661,662,774,775,810,811,812,813,814,827,828,829,830,831,854,855,856,857,858,859,860,861,862,863,864,865,866,867,868,869,870,873,874,875,876,877,878,1002,1003,1004,1005,1006,1007,
LG procr;252,276,277,278,279,429,430,431,464,465,466,474,475,476,651,658,816,817,824,825,830,831,833,851,852,853,854,855,856,857,858,859,860,861,862,863,877,878,889,890,
LG hinge;246,254,276,430,431,432,435,436,437,463,464,467,468,469,475,476,527,553,650,651,652,658,804,808,809,812,813,817,825,826,827,828,829,833,851,852,853,855,856,857,861,862,863,877,880,881,888,889,890,891,892,893,
LG siderms;271,351,401,404,417,459,461,509,535,559,580,598,620,640,645,652,658,804,811,825,828,882,883,885,1004,1036,1211,
LG sideav;271,401,404,459,461,509,535,559,580,598,620,645,652,658,811,825,828,876,877,882,883,885,1004,1036,1211,
LG maxd;271,351,376,401,404,417,459,461,509,535,559,580,598,620,645,652,658,804,811,825,828,882,883,885,1004,1036,1211,1226,
