JON flexi;62,63,64,65,66,67,126,127,307,310,321,324,345,346,358,359,360,469,716,
JON procr;328,341,342,343,344,345,346,347,348,349,465,466,467,468,469,470,471,472,473,
JON hinge ;60,123,343,344,345,348,349,467,468,469,470,471,472,473,
JON siderms;60,112,116,117,137,142,153,159,183,194,200,220,226,254,285,307,367,409,423,495,503,514,578,
JON sideav ;112,117,137,142,159,183,194,226,254,281,307,324,344,346,347,409,495,503,578,711,712,714,
JON maxd;60,112,116,137,142,153,157,159,183,194,200,226,254,285,307,409,495,503,514,578,


LG flexi;62,63,64,65,66,67,738,739,919,922,933,935,956,957,969,970,971,1080,1327,
LG procr;939,952,953,954,955,956,957,958,959,960,1076,1077,1078,1079,1080,1081,1082,1083,1084,
LG hinge;60,735,954,955,956,959,960,1078,1079,1080,1081,1082,1083,1084,
LG siderms;60,724,728,729,749,754,765,771,795,806,812,832,838,866,897,919,978,1020,1034,1106,1114,1125,1189,
LG sideav;724,729,749,754,771,795,806,838,866,893,919,935,955,957,958,1020,1106,1114,1189,1322,1323,1325,
LG maxd;60,724,728,749,754,765,769,771,795,806,812,838,866,897,919,1020,1106,1114,1125,1189,
