JON flexi;96,97,98,99,100,101,102,103,552,734,735,736,737,738,739,740,741,742,743,744,745,746,747,748,749,750,751,752,753,754,755,
JON procr;92,93,94,95,96,97,98,99,730,731,732,733,734,735,736,737,738,740,741,742,743,744,745,746,747,748,749,750,751,
JON hinge ;93,94,96,97,98,731,732,734,736,737,738,742,743,744,745,746,747,748,749,750,751,
JON siderms;191,201,235,337,368,376,387,395,417,502,555,599,611,612,613,642,662,669,717,719,732,744,745,746,748,755,
JON sideav ;97,191,235,239,368,376,387,395,417,559,564,599,613,669,708,719,732,744,745,746,755,
JON maxd;191,201,235,337,368,376,387,395,417,502,555,599,611,612,613,642,662,669,717,718,719,732,744,746,748,755,


LG flexi;96,97,98,99,100,101,102,103,552,734,735,736,737,738,739,740,741,742,743,744,745,746,747,748,749,750,751,752,753,754,755,
LG procr;92,93,94,95,96,97,98,99,730,731,732,733,734,735,736,737,738,740,741,742,743,744,745,746,747,748,749,750,751,
LG hinge;93,94,96,97,98,731,732,734,736,737,738,742,743,744,745,746,747,748,749,750,751,
LG siderms;191,201,235,337,368,376,387,395,417,502,555,599,611,612,613,642,662,669,717,719,732,744,745,746,748,755,
LG sideav;97,191,235,239,368,376,387,395,417,559,564,599,613,669,708,719,732,744,745,746,755,
LG maxd;191,201,235,337,368,376,387,395,417,502,555,599,611,612,613,642,662,669,717,718,719,732,744,746,748,755,
