JON flexi;140,141,142,143,144,145,146,272,400,468,469,470,471,472,992,993,1006,1007,1008,1009,1010,1050,1157,1158,1159,1160,1161,1197,1202,1203,1204,1620,1621,1784,2457,2458,2459,2460,2461,2462,2463,2464,2465,2956,2957,2961,2962,2963,2964,3063,3064,
JON procr;137,138,139,140,141,142,143,144,145,146,147,148,149,150,268,269,270,271,272,273,274,275,276,396,472,473,474,475,476,996,997,1003,1004,1005,1006,1007,1008,1009,1010,1011,1012,1013,1054,1084,1085,1086,1153,1154,1155,1156,1157,1193,1206,1207,1208,1624,1780,2050,2051,2461,2661,2662,2953,2965,3061,3062,3063,3064,3065,3066,3067,
JON hinge ;138,139,140,141,145,146,147,148,149,150,269,272,274,472,473,474,475,476,996,1154,1155,1156,1157,1206,1207,2953,3051,3061,3062,3065,3066,3067,
JON siderms;48,222,257,270,310,468,469,470,471,472,504,519,556,575,722,753,786,794,936,992,993,1006,1050,1158,1160,1161,1177,1197,1202,1203,1204,1261,1351,1422,1502,1546,1647,1659,1784,1835,1898,1957,2060,2137,2228,2457,2513,2584,2600,2634,2639,2785,2889,2920,2934,2956,2957,3045,3069,3129,3185,3204,3275,3386,3419,3454,
JON sideav ;222,270,323,400,468,469,470,471,472,504,519,599,722,786,794,880,992,993,1006,1050,1134,1141,1157,1158,1160,1161,1197,1202,1203,1204,1261,1422,1502,1647,1669,1750,1784,1835,1898,1957,1970,2060,2137,2315,2457,2513,2571,2584,2639,2782,2956,2957,3022,3048,3117,3124,3127,3204,3275,3386,
JON maxd;48,92,222,257,270,275,301,310,427,468,469,470,471,472,504,519,556,569,575,576,722,753,786,794,896,936,992,993,1006,1050,1158,1161,1177,1197,1202,1203,1204,1261,1295,1327,1351,1422,1430,1462,1502,1515,1546,1647,1784,1835,1865,1871,1898,1957,2060,2112,2113,2137,2221,2228,2266,2322,2457,2512,2513,2584,2600,2634,2639,2744,2785,2858,2889,2901,2920,2934,2957,3045,3069,3126,3129,3135,3136,3185,3204,3275,3386,3419,3448,3454,


LG flexi;140,141,142,143,144,145,146,272,400,468,469,470,471,472,992,993,1006,1007,1008,1009,1010,1050,1157,1158,1159,1160,1161,1197,1202,1203,1204,1620,1621,1784,2457,2458,2459,2460,2461,2462,2463,2464,2465,2956,2957,2961,2962,2963,2964,3063,3064,
LG procr;137,138,139,140,141,142,143,144,145,146,147,148,149,150,268,269,270,271,272,273,274,275,276,396,472,473,474,475,476,996,997,1003,1004,1005,1006,1007,1008,1009,1010,1011,1012,1013,1054,1084,1085,1086,1153,1154,1155,1156,1157,1193,1206,1207,1208,1624,1780,2050,2051,2461,2661,2662,2953,2965,3061,3062,3063,3064,3065,3066,3067,
LG hinge;138,139,140,141,145,146,147,148,149,150,269,272,274,472,473,474,475,476,996,1154,1155,1156,1157,1206,1207,2953,3051,3061,3062,3065,3066,3067,
LG siderms;48,222,257,270,310,468,469,470,471,472,504,519,556,575,722,753,786,794,936,992,993,1006,1050,1158,1160,1161,1177,1197,1202,1203,1204,1261,1351,1422,1502,1546,1647,1659,1784,1835,1898,1957,2060,2137,2228,2457,2513,2584,2600,2634,2639,2785,2889,2920,2934,2956,2957,3045,3069,3129,3185,3204,3275,3386,3419,3454,
LG sideav;222,270,323,400,468,469,470,471,472,504,519,599,722,786,794,880,992,993,1006,1050,1134,1141,1157,1158,1160,1161,1197,1202,1203,1204,1261,1422,1502,1647,1669,1750,1784,1835,1898,1957,1970,2060,2137,2315,2457,2513,2571,2584,2639,2782,2956,2957,3022,3048,3117,3124,3127,3204,3275,3386,
LG maxd;48,92,222,257,270,275,301,310,427,468,469,470,471,472,504,519,556,569,575,576,722,753,786,794,896,936,992,993,1006,1050,1158,1161,1177,1197,1202,1203,1204,1261,1295,1327,1351,1422,1430,1462,1502,1515,1546,1647,1784,1835,1865,1871,1898,1957,2060,2112,2113,2137,2221,2228,2266,2322,2457,2512,2513,2584,2600,2634,2639,2744,2785,2858,2889,2901,2920,2934,2957,3045,3069,3126,3129,3135,3136,3185,3204,3275,3386,3419,3448,3454,
