JON flexi;176,177,178,179,180,181,182,183,184,185,186,187,188,189,190,191,192,193,194,195,196,197,198,199,200,201,202,1364,
JON procr;180,181,182,183,184,185,186,187,189,190,191,192,193,194,195,196,197,198,199,200,201,202,203,405,406,407,
JON hinge ;180,181,182,183,184,185,186,187,190,191,192,193,194,195,196,197,198,199,202,203,204,271,405,406,407,
JON siderms;180,182,185,188,222,225,226,267,406,423,1412,
JON sideav ;180,182,185,188,225,245,267,406,1412,
JON maxd;180,182,185,188,222,225,226,267,318,406,423,1412,


LG flexi;2,3,4,5,6,7,8,9,10,11,12,13,14,15,16,17,18,19,20,21,22,23,24,25,26,27,28,1190,
LG procr;6,7,8,9,10,11,12,13,15,16,17,18,19,20,21,22,23,24,25,26,27,28,29,231,232,233,
LG hinge;6,7,8,9,10,11,12,13,16,17,18,19,20,21,22,23,24,25,28,29,30,97,231,232,233,
LG siderms;6,8,11,14,48,51,52,93,232,249,1238,
LG sideav;6,8,11,14,51,71,93,232,1238,
LG maxd;6,8,11,14,48,51,52,93,144,232,249,1238,
