JON flexi;103,104,105,106,707,708,724,725,770,771,853,854,855,923,924,925,926,927,928,929,930,931,932,933,935,1048,1049,1050,1051,
JON procr;107,108,109,124,125,126,127,128,129,711,712,728,729,753,754,755,756,757,758,760,761,762,774,792,793,794,795,796,797,834,835,836,837,838,839,840,850,851,927,928,929,939,955,956,957,958,959,1026,1027,1028,1029,1045,1046,1047,
JON hinge ;127,128,711,753,754,755,756,757,758,760,761,762,763,774,833,836,837,838,849,927,955,956,957,1027,1028,1047,
JON siderms;140,665,676,677,728,744,747,764,767,770,840,925,935,
JON sideav ;140,665,677,728,747,764,767,770,840,923,925,935,1031,
JON maxd;140,665,676,677,728,747,764,767,770,837,840,925,935,


LG flexi;103,104,105,106,707,708,724,725,770,771,853,854,855,923,924,925,926,927,928,929,930,931,932,933,935,1048,1049,1050,1051,
LG procr;107,108,109,124,125,126,127,128,129,711,712,728,729,753,754,755,756,757,758,760,761,762,774,792,793,794,795,796,797,834,835,836,837,838,839,840,850,851,927,928,929,939,955,956,957,958,959,1026,1027,1028,1029,1045,1046,1047,
LG hinge;127,128,711,753,754,755,756,757,758,760,761,762,763,774,833,836,837,838,849,927,955,956,957,1027,1028,1047,
LG siderms;140,665,676,677,728,744,747,764,767,770,840,925,935,
LG sideav;140,665,677,728,747,764,767,770,840,923,925,935,1031,
LG maxd;140,665,676,677,728,747,764,767,770,837,840,925,935,
