JON flexi;227,228,229,241,242,243,244,245,246,247,248,249,250,251,
JON procr;231,232,233,238,239,240,241,242,243,244,245,246,247,275,276,
JON hinge ;231,232,236,237,238,239,240,241,242,245,246,272,276,
JON siderms;36,52,53,174,187,230,280,294,
JON sideav ;228,231,240,241,243,244,245,248,250,274,275,276,
JON maxd;28,36,53,174,187,230,280,


LG flexi;216,217,218,230,231,232,233,234,235,236,237,238,239,240,
LG procr;220,221,222,227,228,229,230,231,232,233,234,235,236,276,277,
LG hinge;220,221,225,226,227,228,229,230,231,234,235,273,277,
LG siderms;38,54,55,175,188,219,281,295,
LG sideav;217,220,229,230,232,233,234,237,239,275,276,277,
LG maxd;30,38,55,175,188,219,281,
