JON flexi;249,250,251,252,253,254,255,256,257,
JON procr;23,24,182,183,253,297,298,
JON hinge ;23,24,154,181,182,183,184,185,186,187,188,195,253,297,298,316,320,
JON siderms;47,92,112,163,209,239,
JON sideav ;21,47,92,110,112,163,318,391,
JON maxd;47,92,112,163,179,209,239,


LG flexi;249,250,251,252,253,254,255,256,257,
LG procr;23,24,182,183,253,297,298,
LG hinge;23,24,154,181,182,183,184,185,186,187,188,195,253,297,298,316,320,
LG siderms;47,92,112,163,209,239,
LG sideav;21,47,92,110,112,163,318,391,
LG maxd;47,92,112,163,179,209,239,
