JON flexi;157,158,193,194,195,196,197,220,221,222,223,224,225,226,227,228,229,244,245,246,247,248,249,250,251,252,253,254,275,276,277,278,279,280,281,282,283,284,285,286,287,288,289,312,313,314,315,348,349,350,351,352,353,354,372,373,374,375,376,377,378,379,380,
JON procr;197,198,199,224,225,226,227,228,241,242,243,244,245,246,272,273,274,275,276,277,278,279,283,284,285,286,287,288,289,290,291,309,310,311,312,313,314,315,316,317,318,
JON hinge ;197,243,273,274,275,276,277,284,285,286,287,288,289,311,312,315,316,317,
JON siderms;191,208,213,241,300,312,352,359,380,
JON sideav ;191,208,213,241,300,354,359,380,386,
JON maxd;191,208,213,241,300,312,352,359,380,


LG flexi;157,158,193,194,195,196,197,220,221,222,223,224,225,226,227,228,229,244,245,246,247,248,249,250,251,252,253,254,275,276,277,278,279,280,281,282,283,284,285,286,287,288,289,312,313,314,315,348,349,350,351,352,353,354,372,373,374,375,376,377,378,379,380,
LG procr;197,198,199,224,225,226,227,228,241,242,243,244,245,246,272,273,274,275,276,277,278,279,283,284,285,286,287,288,289,290,291,309,310,311,312,313,314,315,316,317,318,
LG hinge;197,243,273,274,275,276,277,284,285,286,287,288,289,311,312,315,316,317,
LG siderms;191,208,213,241,300,312,352,359,380,
LG sideav;191,208,213,241,300,354,359,380,386,
LG maxd;191,208,213,241,300,312,352,359,380,
