JON flexi;1093,1094,1095,1096,1166,1167,1168,1169,1170,1171,1172,1173,1175,1176,1177,1178,1179,1180,1181,1182,1183,1184,
JON procr;1090,1091,1092,1093,1094,1095,1096,1097,1098,1099,1170,1171,1172,1173,1175,1176,1177,1178,1179,1180,1181,1182,1183,1184,1185,1186,1187,
JON hinge ;1099,1170,1171,1172,1173,1175,1176,1177,
JON siderms;129,265,277,278,359,434,435,554,555,558,574,586,771,820,837,842,844,936,1020,1060,1094,1095,1096,1097,1146,1148,1171,1175,1176,1177,1178,1180,1181,1182,1183,1184,1185,1188,1455,1607,1707,
JON sideav ;555,558,586,837,844,1020,1094,1095,1096,1097,1146,1166,1167,1168,1169,1170,1171,1172,1173,1175,1176,1178,1180,1181,1182,1183,1184,1185,1455,
JON maxd;129,277,278,359,396,435,554,555,558,574,586,771,799,820,837,842,844,893,899,901,936,1020,1060,1083,1094,1095,1096,1097,1146,1148,1171,1175,1176,1178,1181,1182,1183,1184,1185,1188,1455,1607,1707,


LG flexi;1046,1047,1048,1049,1120,1121,1122,1123,1124,1125,1126,1127,1128,1129,1130,1131,1132,1133,1134,1135,1136,1137,
LG procr;1043,1044,1045,1046,1047,1048,1049,1050,1051,1052,1124,1125,1126,1127,1128,1129,1130,1131,1132,1133,1134,1135,1136,1137,1138,1139,1140,
LG hinge;1052,1124,1125,1126,1127,1128,1129,1130,
LG siderms;129,265,277,278,312,387,388,507,508,511,527,539,724,773,790,795,797,889,973,1013,1047,1048,1049,1050,1099,1101,1125,1128,1129,1130,1131,1133,1134,1135,1136,1137,1138,1141,1408,1560,1660,
LG sideav;508,511,539,790,797,973,1047,1048,1049,1050,1099,1120,1121,1122,1123,1124,1125,1126,1127,1128,1129,1131,1133,1134,1135,1136,1137,1138,1408,
LG maxd;129,277,278,312,349,388,507,508,511,527,539,724,752,773,790,795,797,846,852,854,889,973,1013,1036,1047,1048,1049,1050,1099,1101,1125,1128,1129,1131,1134,1135,1136,1137,1138,1141,1408,1560,1660,
