JON flexi;281,282,283,284,429,484,485,486,
JON procr;278,279,280,281,282,283,284,285,286,287,288,
JON hinge ;278,279,280,281,282,283,284,285,286,287,
JON siderms;282,315,339,343,403,429,437,451,479,482,
JON sideav ;283,398,403,437,483,
JON maxd;315,339,343,403,437,451,479,482,


LG flexi;285,286,287,288,433,488,489,490,
LG procr;282,283,284,285,286,287,288,289,290,291,292,
LG hinge;282,283,284,285,286,287,288,289,290,291,
LG siderms;286,319,343,347,407,433,441,455,483,486,
LG sideav;287,402,407,441,487,
LG maxd;319,343,347,407,441,455,483,486,
