JON flexi;483,567,720,721,1205,1206,1207,1208,1209,1210,1211,1212,1268,1269,1270,1271,1275,1276,1277,1278,1313,1314,1315,1535,1618,1619,1620,1621,1622,1623,1667,1668,2091,2150,2151,2152,2153,2185,2186,2187,2487,
JON procr;563,716,717,1202,1203,1204,1205,1214,1215,1264,1265,1266,1267,1279,1280,1281,1282,1309,1310,1311,1531,1532,1533,1534,1535,1536,1537,1538,1539,1614,1615,1616,1617,1618,1619,1620,1621,1622,1623,1624,1625,1626,1627,1671,1672,2095,2154,2155,2156,2157,2181,2182,2183,2483,
JON hinge ;1202,1203,1204,1205,1214,1265,1266,1267,1279,1284,1285,1286,1310,1311,1535,1614,1615,1616,1617,1618,1622,1623,1624,1625,1626,1627,1671,2154,2155,2156,2157,2182,2183,
JON siderms;204,211,226,249,251,262,485,486,509,530,556,644,656,830,885,897,902,903,916,925,926,1021,1028,1077,1116,1124,1208,1209,1211,1236,1268,1269,1275,1276,1277,1297,1327,1338,1404,1446,1610,1617,1618,1623,1650,1667,1696,1702,1743,1820,1832,1879,2028,2048,2091,2092,2150,2151,2152,2153,2183,2186,2187,2390,2418,2422,2484,
JON sideav ;226,231,251,485,486,490,509,529,556,618,644,656,744,830,885,903,925,1021,1077,1087,1124,1178,1207,1208,1209,1211,1236,1268,1269,1275,1276,1277,1296,1338,1358,1404,1446,1512,1536,1617,1618,1623,1650,1667,1679,1696,1702,1720,1749,1925,2013,2091,2092,2096,2129,2150,2151,2152,2153,2183,2185,2186,2187,2266,2310,2390,2422,2484,2508,
JON maxd;204,206,226,249,251,262,473,485,486,509,530,556,644,656,830,885,897,902,903,916,925,926,927,1021,1028,1077,1116,1124,1208,1209,1211,1236,1268,1275,1297,1307,1327,1338,1404,1446,1610,1650,1667,1696,1702,1743,1745,1820,1832,1879,1981,2020,2028,2048,2092,2151,2152,2153,2169,2183,2187,2390,2418,2422,2484,


LG flexi;416,500,653,654,1138,1139,1140,1141,1142,1143,1144,1145,1201,1202,1203,1204,1208,1209,1210,1211,1246,1247,1248,1468,1551,1552,1553,1554,1555,1556,1600,1601,2024,2083,2084,2085,2086,2118,2119,2120,2420,
LG procr;496,649,650,1135,1136,1137,1138,1147,1148,1197,1198,1199,1200,1212,1213,1214,1215,1242,1243,1244,1464,1465,1466,1467,1468,1469,1470,1471,1472,1547,1548,1549,1550,1551,1552,1553,1554,1555,1556,1557,1558,1559,1560,1604,1605,2028,2087,2088,2089,2090,2114,2115,2116,2416,
LG hinge;1135,1136,1137,1138,1147,1198,1199,1200,1212,1217,1218,1219,1243,1244,1468,1547,1548,1549,1550,1551,1555,1556,1557,1558,1559,1560,1604,2087,2088,2089,2090,2115,2116,
LG siderms;137,144,159,182,184,195,418,419,442,463,489,577,589,763,818,830,835,836,849,858,859,954,961,1010,1049,1057,1141,1142,1144,1169,1201,1202,1208,1209,1210,1230,1260,1271,1337,1379,1543,1550,1551,1556,1583,1600,1629,1635,1676,1753,1765,1812,1961,1981,2024,2025,2083,2084,2085,2086,2116,2119,2120,2323,2351,2355,2417,
LG sideav;159,164,184,418,419,423,442,462,489,551,577,589,677,763,818,836,858,954,1010,1020,1057,1111,1140,1141,1142,1144,1169,1201,1202,1208,1209,1210,1229,1271,1291,1337,1379,1445,1469,1550,1551,1556,1583,1600,1612,1629,1635,1653,1682,1858,1946,2024,2025,2029,2062,2083,2084,2085,2086,2116,2118,2119,2120,2199,2243,2323,2355,2417,2441,
LG maxd;137,139,159,182,184,195,406,418,419,442,463,489,577,589,763,818,830,835,836,849,858,859,860,954,961,1010,1049,1057,1141,1142,1144,1169,1201,1208,1230,1240,1260,1271,1337,1379,1543,1583,1600,1629,1635,1676,1678,1753,1765,1812,1914,1953,1961,1981,2025,2084,2085,2086,2102,2116,2120,2323,2351,2355,2417,
