JON flexi;36,58,189,190,191,290,291,292,
JON procr;186,187,188,189,190,191,192,193,194,286,287,288,
JON hinge ;188,189,190,191,193,194,195,196,215,216,217,221,222,223,287,288,
JON siderms;28,52,58,191,192,216,222,244,
JON sideav ;28,184,191,194,244,292,
JON maxd;28,52,191,192,216,222,244,


LG flexi;83,105,236,237,238,337,338,339,
LG procr;233,234,235,236,237,238,239,240,241,333,334,335,
LG hinge;235,236,237,238,240,241,242,243,262,263,264,268,269,270,334,335,
LG siderms;75,99,105,238,239,263,269,291,
LG sideav;75,231,238,241,291,339,
LG maxd;75,99,238,239,263,269,291,
