JON flexi;118,119,120,121,
JON procr;116,117,118,119,120,121,122,123,124,
JON hinge ;116,117,118,119,120,121,122,123,124,287,288,289,290,
JON siderms;120,121,131,135,172,205,253,258,270,
JON sideav ;98,101,120,121,131,135,172,205,253,258,262,270,
JON maxd;72,121,131,135,172,205,253,258,


LG flexi;118,119,120,121,
LG procr;116,117,118,119,120,121,122,123,124,
LG hinge;116,117,118,119,120,121,122,123,124,256,257,258,259,
LG siderms;120,121,131,135,172,205,222,227,239,
LG sideav;98,101,120,121,131,135,172,205,222,227,231,239,
LG maxd;72,121,131,135,172,205,222,227,
