JON flexi;1813,1814,1815,1816,1817,1818,1819,1820,1821,1822,1823,1824,1829,1830,
JON procr;1811,1812,1813,1814,1815,1816,1817,1818,1819,1820,1833,1834,
JON hinge ;1810,1813,1814,1815,1816,1817,1818,1819,1820,1833,1834,
JON siderms;1204,1211,1224,1234,1243,1249,1300,1311,1807,1815,1817,1818,1830,1831,1832,1834,1860,1875,2028,2141,2160,2273,
JON sideav ;1224,1234,1249,1300,1815,1817,1818,1829,1830,1831,1834,1860,1875,2028,2141,2273,
JON maxd;1204,1211,1224,1234,1243,1249,1300,1311,1807,1815,1817,1831,1832,1834,1860,1875,2028,2141,2160,2273,


LG flexi;1712,1713,1714,1715,1716,1717,1718,1719,1720,1721,1722,1723,1728,1729,
LG procr;1710,1711,1712,1713,1714,1715,1716,1717,1718,1719,1732,1733,
LG hinge;1709,1712,1713,1714,1715,1716,1717,1718,1719,1732,1733,
LG siderms;1142,1149,1162,1172,1181,1187,1238,1249,1706,1714,1716,1717,1729,1730,1731,1733,1759,1774,1927,2040,2059,2172,
LG sideav;1162,1172,1187,1238,1714,1716,1717,1728,1729,1730,1733,1759,1774,1927,2040,2172,
LG maxd;1142,1149,1162,1172,1181,1187,1238,1249,1706,1714,1716,1730,1731,1733,1759,1774,1927,2040,2059,2172,
