JON flexi;32,33,34,117,118,119,120,121,122,123,124,125,126,236,237,238,239,240,283,357,459,486,487,499,550,551,552,553,554,822,823,824,825,826,827,907,935,936,937,938,939,940,941,942,943,944,967,968,969,970,971,972,973,974,975,976,977,1097,1098,1099,1100,1101,1117,
JON procr;36,37,116,117,118,119,120,121,122,123,124,125,126,238,239,240,241,242,455,547,548,549,550,551,552,553,554,555,556,557,822,823,824,825,826,827,828,829,830,831,932,933,934,935,936,937,938,939,940,941,942,943,944,965,966,967,968,969,970,971,972,973,
JON hinge ;36,37,38,117,118,119,120,121,124,242,243,455,497,498,551,552,553,554,555,556,557,821,822,823,824,825,826,827,828,829,830,831,888,909,932,933,937,940,942,943,965,966,968,969,970,971,1103,1104,
JON siderms;39,112,114,192,200,233,275,276,277,300,357,369,386,417,570,882,939,1057,1068,
JON sideav ;32,33,34,39,112,192,200,233,275,276,277,300,357,386,417,558,570,882,939,1057,1068,
JON maxd;39,112,114,192,200,233,275,276,277,300,357,369,386,417,570,882,939,1057,1068,


LG flexi;57,58,59,142,143,144,145,146,147,148,149,150,151,261,262,263,264,265,308,382,484,492,493,505,556,557,558,559,560,828,829,830,831,832,833,913,941,942,943,944,945,946,947,948,949,950,973,974,975,976,977,978,979,980,981,982,983,1103,1104,1105,1106,1107,1123,
LG procr;61,62,141,142,143,144,145,146,147,148,149,150,151,263,264,265,266,267,480,553,554,555,556,557,558,559,560,561,562,563,828,829,830,831,832,833,834,835,836,837,938,939,940,941,942,943,944,945,946,947,948,949,950,971,972,973,974,975,976,977,978,979,
LG hinge;61,62,63,142,143,144,145,146,149,267,268,480,503,504,557,558,559,560,561,562,563,827,828,829,830,831,832,833,834,835,836,837,894,915,938,939,943,946,948,949,971,972,974,975,976,977,1109,1110,
LG siderms;64,137,139,217,225,258,300,301,302,325,382,394,411,442,576,888,945,1063,1074,
LG sideav;57,58,59,64,137,217,225,258,300,301,302,325,382,411,442,564,576,888,945,1063,1074,
LG maxd;64,137,139,217,225,258,300,301,302,325,382,394,411,442,576,888,945,1063,1074,
