JON flexi;97,98,99,100,101,177,178,179,180,181,182,183,184,185,186,187,188,189,190,191,192,193,194,195,251,
JON procr;97,98,99,100,101,102,103,177,178,179,180,181,182,183,184,185,186,187,188,189,190,191,192,193,194,195,196,247,
JON hinge ;102,103,181,185,186,187,188,189,191,192,193,194,195,
JON siderms;19,83,165,195,205,225,248,
JON sideav ;19,83,165,184,205,225,248,
JON maxd;19,83,165,195,205,225,248,


LG flexi;97,98,99,100,101,177,178,179,180,181,182,183,184,185,186,187,188,189,190,191,192,193,194,195,251,
LG procr;97,98,99,100,101,102,103,177,178,179,180,181,182,183,184,185,186,187,188,189,190,191,192,193,194,195,196,247,
LG hinge;102,103,181,185,186,187,188,189,191,192,193,194,195,
LG siderms;19,83,165,195,205,225,248,
LG sideav;19,83,165,184,205,225,248,
LG maxd;19,83,165,195,205,225,248,
