JON flexi;413,414,415,416,417,508,513,514,515,516,517,518,519,520,521,522,882,1238,1399,1400,1401,1402,1403,1404,1405,1406,1407,1408,1409,1410,1411,1412,1413,1414,1415,
JON procr;398,399,400,401,402,403,418,419,420,421,517,518,519,520,521,522,523,524,525,526,878,1234,1403,1404,1405,1406,1407,1408,1409,1410,1411,
JON hinge ;520,1210,1403,1404,1405,1406,1407,1408,1409,1410,1411,
JON siderms;94,104,121,122,222,278,347,467,469,471,492,493,507,508,519,520,521,522,529,568,569,595,624,702,828,845,849,878,880,882,966,1032,1043,1134,1136,1159,1163,1166,1203,1212,1265,1270,1284,1287,1409,1655,1735,1802,2024,
JON sideav ;94,122,222,347,467,490,493,507,508,519,522,529,702,828,845,882,1136,1159,1191,1265,1274,1283,1287,1399,1400,1401,1402,1403,1404,1405,1406,1407,1408,1409,1410,1411,1412,1413,1414,1415,1735,
JON maxd;94,104,121,122,136,222,278,347,467,469,471,493,507,508,519,520,522,529,568,569,595,624,702,828,845,849,880,882,966,1032,1043,1081,1134,1136,1159,1163,1203,1265,1270,1284,1287,1316,1409,1485,1655,1735,1795,1802,2024,


LG flexi;365,366,367,368,369,460,465,466,467,468,469,470,471,472,473,474,834,1190,1340,1341,1342,1343,1344,1345,1346,1347,1348,1349,1350,1351,1352,1353,1354,1355,1356,
LG procr;350,351,352,353,354,355,370,371,372,373,469,470,471,472,473,474,475,476,477,478,830,1186,1344,1345,1346,1347,1348,1349,1350,1351,1352,
LG hinge;472,1162,1344,1345,1346,1347,1348,1349,1350,1351,1352,
LG siderms;46,56,73,74,174,230,299,419,421,423,444,445,459,460,471,472,473,474,481,520,521,547,576,654,780,797,801,830,832,834,918,984,995,1086,1088,1111,1115,1118,1155,1164,1217,1222,1236,1239,1350,1607,1687,1754,1976,
LG sideav;46,74,174,299,419,442,445,459,460,471,474,481,654,780,797,834,1088,1111,1143,1217,1226,1235,1239,1340,1341,1342,1343,1344,1345,1346,1347,1348,1349,1350,1351,1352,1353,1354,1355,1356,1687,
LG maxd;46,56,73,74,88,174,230,299,419,421,423,445,459,460,471,472,474,481,520,521,547,576,654,780,797,801,832,834,918,984,995,1033,1086,1088,1111,1115,1155,1217,1222,1236,1239,1268,1350,1437,1607,1687,1747,1754,1976,
