JON flexi;187,188,189,190,191,192,193,194,195,
JON procr;106,107,108,109,110,111,112,113,191,
JON hinge ;106,107,108,110,111,112,191,
JON siderms;73,109,110,142,191,196,248,
JON sideav ;110,187,188,190,191,192,193,194,195,264,
JON maxd;73,109,110,142,148,191,196,248,


LG flexi;143,144,145,146,147,148,149,150,151,
LG procr;73,74,75,76,77,78,79,80,147,
LG hinge;73,74,75,77,78,79,147,
LG siderms;40,76,77,109,147,163,215,
LG sideav;77,143,144,146,147,148,149,150,151,231,
LG maxd;40,76,77,109,115,147,163,215,
