JON flexi;104,179,180,185,245,250,251,252,253,254,255,256,257,258,259,260,261,262,263,264,265,304,357,403,404,405,406,407,408,409,410,411,416,559,708,737,764,821,822,823,824,825,826,
JON procr;100,113,114,115,116,119,120,121,175,176,189,200,201,202,203,241,254,255,256,257,258,259,260,261,300,407,420,704,741,760,818,819,820,821,822,
JON hinge ;48,112,113,114,115,119,120,121,165,176,189,240,241,254,255,256,257,258,259,260,261,678,760,815,819,820,
JON siderms;26,27,180,185,234,257,293,302,403,419,559,563,607,666,851,914,
JON sideav ;180,185,234,257,293,403,419,559,563,607,666,819,
JON maxd;26,27,180,185,234,257,293,302,403,419,458,559,563,607,666,914,


LG flexi;611,686,687,692,752,757,758,759,760,761,762,763,764,765,766,767,768,769,770,771,772,811,876,884,885,886,887,888,889,890,891,892,897,1040,1189,1218,1245,1302,1303,1304,1305,1306,1307,
LG procr;607,620,621,622,623,626,627,628,682,683,696,707,708,709,710,748,761,762,763,764,765,766,767,768,807,888,901,1185,1222,1241,1299,1300,1301,1302,1303,
LG hinge;555,619,620,621,622,626,627,628,672,683,696,747,748,761,762,763,764,765,766,767,768,1159,1241,1296,1300,1301,
LG siderms;533,534,687,692,741,764,800,809,884,900,1040,1044,1088,1147,1332,1395,
LG sideav;687,692,741,764,800,884,900,1040,1044,1088,1147,1300,
LG maxd;533,534,687,692,741,764,800,809,884,900,939,1040,1044,1088,1147,1395,
