JON flexi;19,135,136,137,138,173,174,175,223,224,225,226,227,228,229,230,248,249,250,251,252,309,310,311,312,313,314,315,330,348,349,350,351,389,414,415,416,417,418,419,420,421,443,444,445,
JON procr;139,171,172,173,174,175,176,177,178,226,227,228,229,230,231,232,251,252,307,308,309,310,311,312,313,314,315,316,317,318,346,347,348,349,350,351,352,353,354,418,445,
JON hinge ;171,172,173,174,175,176,177,228,232,233,308,309,312,313,314,317,318,329,349,350,351,352,442,443,444,445,446,
JON siderms;146,149,156,163,173,196,217,220,223,265,309,327,414,425,450,
JON sideav ;146,149,156,163,173,196,220,223,265,327,414,425,
JON maxd;136,146,149,156,163,173,196,220,223,265,309,327,414,425,450,


LG flexi;407,523,524,525,526,561,562,563,611,612,613,614,615,616,617,618,636,637,638,639,640,697,698,699,700,701,702,703,718,736,737,738,739,777,802,803,804,805,806,807,808,809,831,832,833,
LG procr;527,559,560,561,562,563,564,565,566,614,615,616,617,618,619,620,639,640,695,696,697,698,699,700,701,702,703,704,705,706,734,735,736,737,738,739,740,741,742,806,833,
LG hinge;559,560,561,562,563,564,565,616,620,621,696,697,700,701,702,705,706,717,737,738,739,740,830,831,832,833,834,
LG siderms;534,537,544,551,561,584,605,608,611,653,697,715,802,813,838,
LG sideav;534,537,544,551,561,584,608,611,653,715,802,813,
LG maxd;524,534,537,544,551,561,584,608,611,653,697,715,802,813,838,
