JON flexi;110,111,230,231,232,233,234,235,236,237,254,255,256,257,386,434,435,436,437,438,448,449,450,466,481,482,
JON procr;227,228,229,230,231,232,233,234,235,237,254,255,256,257,
JON hinge ;228,229,230,231,233,234,235,236,255,256,
JON siderms;138,167,201,290,319,
JON sideav ;44,113,138,167,231,290,319,
JON maxd;138,167,172,201,290,319,


LG flexi;110,111,230,231,232,233,234,235,236,237,254,255,256,257,386,434,435,436,437,438,448,449,450,466,481,482,
LG procr;227,228,229,230,231,232,233,234,235,237,254,255,256,257,
LG hinge;228,229,230,231,233,234,235,236,255,256,
LG siderms;138,167,201,290,319,
LG sideav;44,113,138,167,231,290,319,
LG maxd;138,167,172,201,290,319,
