JON flexi;117,118,271,272,273,274,275,276,277,278,279,280,281,282,283,284,285,313,314,315,316,317,318,319,320,321,322,334,370,371,372,373,374,375,376,377,378,
JON procr;121,182,183,184,185,186,187,275,276,277,278,279,280,281,317,318,319,320,321,322,323,324,325,326,330,
JON hinge ;121,182,183,184,185,325,374,
JON siderms;154,160,178,186,189,200,374,
JON sideav ;154,160,178,189,200,374,
JON maxd;154,160,178,186,189,200,374,


LG flexi;105,106,259,260,261,262,263,264,265,266,267,268,269,270,271,272,273,301,302,303,304,305,306,307,308,309,310,322,358,359,360,361,362,363,364,365,366,
LG procr;109,170,171,172,173,174,175,263,264,265,266,267,268,269,305,306,307,308,309,310,311,312,313,314,318,
LG hinge;109,170,171,172,173,313,362,
LG siderms;142,148,166,174,177,188,362,
LG sideav;142,148,166,177,188,362,
LG maxd;142,148,166,174,177,188,362,
