JON flexi;135,476,477,478,479,480,481,482,483,484,485,486,487,488,489,490,491,492,493,494,512,513,514,515,516,517,518,830,831,832,833,834,835,836,837,838,839,840,841,842,843,844,845,846,847,848,849,850,851,852,853,854,855,856,857,858,859,860,861,862,863,864,865,866,867,868,869,870,871,889,
JON procr;139,480,481,482,483,484,485,486,487,488,489,490,508,509,510,511,512,513,514,546,550,834,835,836,837,838,839,840,841,842,843,844,845,846,847,848,849,850,851,852,853,854,855,856,857,858,859,860,861,862,863,864,865,866,867,893,895,910,911,
JON hinge ;112,113,115,117,139,250,258,260,320,321,322,323,324,325,381,382,383,386,450,458,504,508,511,512,514,545,546,547,549,550,553,554,627,659,670,704,705,706,707,708,709,710,711,730,731,732,733,734,735,736,801,802,803,804,805,806,807,834,836,837,840,841,843,844,847,848,851,855,856,859,861,996,999,1000,1155,1192,1193,1196,1197,1224,1228,1287,1288,1289,1301,1303,
JON siderms;14,110,115,118,135,138,167,184,202,210,458,490,506,769,929,982,1115,1141,1161,1183,
JON sideav ;110,115,135,138,184,202,210,384,458,462,490,506,511,732,769,859,929,950,982,1115,1141,1161,1183,1300,
JON maxd;14,110,115,118,135,138,167,184,193,196,202,210,458,490,506,769,929,982,1105,1115,1141,1161,1183,


LG flexi;135,476,477,478,479,480,481,482,483,484,485,486,487,488,489,490,491,492,493,494,512,513,514,515,516,517,518,830,831,832,833,834,835,836,837,838,839,840,841,842,843,844,845,846,847,848,849,850,851,852,853,854,855,856,857,858,859,860,861,862,863,864,865,866,867,868,869,870,871,889,
LG procr;139,480,481,482,483,484,485,486,487,488,489,490,508,509,510,511,512,513,514,546,550,834,835,836,837,838,839,840,841,842,843,844,845,846,847,848,849,850,851,852,853,854,855,856,857,858,859,860,861,862,863,864,865,866,867,893,895,910,911,
LG hinge;112,113,115,117,139,250,258,260,320,321,322,323,324,325,381,382,383,386,450,458,504,508,511,512,514,545,546,547,549,550,553,554,627,659,670,704,705,706,707,708,709,710,711,730,731,732,733,734,735,736,801,802,803,804,805,806,807,834,836,837,840,841,843,844,847,848,851,855,856,859,861,996,999,1000,1155,1192,1193,1196,1197,1224,1228,1287,1288,1289,1301,1303,
LG siderms;14,110,115,118,135,138,167,184,202,210,458,490,506,769,929,982,1115,1141,1161,1183,
LG sideav;110,115,135,138,184,202,210,384,458,462,490,506,511,732,769,859,929,950,982,1115,1141,1161,1183,1300,
LG maxd;14,110,115,118,135,138,167,184,193,196,202,210,458,490,506,769,929,982,1105,1115,1141,1161,1183,
