JON flexi;400,416,417,427,428,508,509,510,511,512,513,514,515,516,708,709,710,711,712,713,714,715,716,717,718,719,
JON procr;396,420,421,423,424,512,513,514,515,516,517,518,519,520,659,660,661,662,663,705,706,707,708,709,710,711,712,713,714,715,
JON hinge ;422,423,512,513,514,515,516,517,518,519,520,610,660,661,662,665,702,703,706,707,708,710,711,712,715,
JON siderms;95,127,179,305,400,513,514,516,523,561,608,612,664,714,715,719,
JON sideav ;84,95,127,179,305,513,608,612,661,714,715,717,719,
JON maxd;95,127,179,305,400,513,514,516,523,561,608,612,664,665,714,715,719,


LG flexi;400,416,417,427,428,508,509,510,511,512,513,514,515,516,708,709,710,711,712,713,714,715,716,717,718,719,
LG procr;396,420,421,423,424,512,513,514,515,516,517,518,519,520,659,660,661,662,663,705,706,707,708,709,710,711,712,713,714,715,
LG hinge;422,423,512,513,514,515,516,517,518,519,520,610,660,661,662,665,702,703,706,707,708,710,711,712,715,
LG siderms;95,127,179,305,400,513,514,516,523,561,608,612,664,714,715,719,
LG sideav;84,95,127,179,305,513,608,612,661,714,715,717,719,
LG maxd;95,127,179,305,400,513,514,516,523,561,608,612,664,665,714,715,719,
