JON flexi;175,225,226,2006,2007,2008,2009,2010,2011,2138,
JON procr;229,2010,2011,2012,2013,2014,2015,
JON hinge ;229,2011,2012,2013,2014,2015,2048,2049,
JON siderms;1968,2026,2037,2066,2116,2118,2133,2168,2183,2196,2203,2326,2329,2330,2406,
JON sideav ;1968,2037,2116,2118,2133,2168,2183,2196,2309,2326,2329,2330,2406,
JON maxd;1968,2026,2037,2116,2118,2133,2168,2183,2196,2203,2326,2329,2330,2406,


LG flexi;175,225,226,2002,2003,2004,2005,2006,2007,2134,
LG procr;229,2006,2007,2008,2009,2010,2011,
LG hinge;229,2007,2008,2009,2010,2011,2044,2045,
LG siderms;1964,2022,2033,2062,2112,2114,2129,2164,2179,2192,2199,2322,2325,2326,2402,
LG sideav;1964,2033,2112,2114,2129,2164,2179,2192,2305,2322,2325,2326,2402,
LG maxd;1964,2022,2033,2112,2114,2129,2164,2179,2192,2199,2322,2325,2326,2402,
