JON flexi;24,268,269,270,271,272,273,274,
JON procr;265,266,267,268,269,270,271,272,273,274,
JON hinge ;265,266,267,268,269,270,271,272,273,274,275,
JON siderms;206,236,269,270,271,272,279,280,285,287,300,401,508,543,694,
JON sideav ;206,236,269,270,271,273,279,284,287,300,369,400,401,419,508,543,689,694,
JON maxd;206,236,269,270,271,272,279,280,285,287,300,401,508,543,694,


LG flexi;1,245,246,247,248,249,250,251,
LG procr;242,243,244,245,246,247,248,249,250,251,
LG hinge;242,243,244,245,246,247,248,249,250,251,252,
LG siderms;183,213,246,247,248,249,256,257,262,264,277,378,485,520,671,
LG sideav;183,213,246,247,248,250,256,261,264,277,346,377,378,396,485,520,666,671,
LG maxd;183,213,246,247,248,249,256,257,262,264,277,378,485,520,671,
