JON flexi;1639,2028,2029,2030,2031,2132,2133,2134,2135,
JON procr;1636,1637,1638,1639,1640,1641,1642,1643,2024,2025,2026,2027,2136,2137,2138,
JON hinge ;1637,1638,1639,1643,2025,2026,2027,2136,2137,2138,2139,
JON siderms;1470,1510,1514,1611,1624,1629,1750,2019,2028,2029,2030,2031,2133,2134,2135,2528,
JON sideav ;1510,1514,1611,1624,1629,1750,2019,2028,2029,2030,2031,2133,2134,2135,2528,
JON maxd;1470,1510,1514,1611,1624,1629,1750,2019,2028,2030,2031,2133,2134,2135,2528,2574,2591,


LG flexi;1660,2049,2050,2051,2052,2153,2154,2155,2156,
LG procr;1657,1658,1659,1660,1661,1662,1663,1664,2045,2046,2047,2048,2157,2158,2159,
LG hinge;1658,1659,1660,1664,2046,2047,2048,2157,2158,2159,2160,
LG siderms;1491,1531,1535,1632,1645,1650,1771,2040,2049,2050,2051,2052,2154,2155,2156,2507,
LG sideav;1531,1535,1632,1645,1650,1771,2040,2049,2050,2051,2052,2154,2155,2156,2507,
LG maxd;1491,1531,1535,1632,1645,1650,1771,2040,2049,2051,2052,2154,2155,2156,2507,2553,2570,
