JON flexi;62,63,121,122,123,124,125,126,127,128,129,130,131,132,133,134,135,136,137,168,169,181,182,183,184,185,186,187,188,
JON procr;66,67,75,76,77,78,79,80,81,88,89,119,120,121,122,123,124,125,126,131,132,133,134,135,136,137,138,139,140,170,171,178,179,180,181,182,183,184,
JON hinge ;66,125,130,179,180,181,182,
JON siderms;64,65,122,134,139,180,
JON sideav ;64,122,134,180,
JON maxd;64,65,104,122,134,139,168,180,


LG flexi;59,60,118,119,120,121,122,123,124,125,126,127,128,129,130,131,132,133,134,165,166,178,179,180,181,182,183,184,185,
LG procr;63,64,72,73,74,75,76,77,78,85,86,116,117,118,119,120,121,122,123,128,129,130,131,132,133,134,135,136,137,167,168,175,176,177,178,179,180,181,
LG hinge;63,122,127,176,177,178,179,
LG siderms;61,62,119,131,136,177,
LG sideav;61,119,131,177,
LG maxd;61,62,101,119,131,136,165,177,
