JON flexi;48,83,84,89,107,124,145,196,249,250,251,252,253,254,255,256,257,258,274,275,276,288,322,323,324,355,365,376,377,378,398,406,407,408,409,410,411,412,425,
JON procr;80,141,250,251,252,253,254,255,256,257,258,259,260,261,270,271,277,285,286,287,288,289,290,291,292,361,
JON hinge ;252,253,254,255,257,258,259,260,
JON siderms;56,76,143,145,180,240,275,277,314,342,346,
JON sideav ;56,76,143,145,240,243,274,275,288,346,365,
JON maxd;56,76,143,145,180,240,275,277,314,342,346,


LG flexi;48,83,84,89,107,124,145,196,249,250,251,252,253,254,255,256,257,258,274,275,276,288,322,323,324,355,365,376,377,378,398,406,407,408,409,410,411,412,425,
LG procr;80,141,250,251,252,253,254,255,256,257,258,259,260,261,270,271,277,285,286,287,288,289,290,291,292,361,
LG hinge;252,253,254,255,257,258,259,260,
LG siderms;56,76,143,145,180,240,275,277,314,342,346,
LG sideav;56,76,143,145,240,243,274,275,288,346,365,
LG maxd;56,76,143,145,180,240,275,277,314,342,346,
