JON flexi;14,15,16,17,36,37,38,39,40,41,42,43,44,45,56,92,93,94,114,115,116,117,118,119,220,221,259,260,261,262,263,264,265,266,267,268,269,270,271,272,273,447,448,494,
JON procr;35,36,37,38,39,40,41,42,43,44,45,46,47,90,91,92,93,94,116,117,118,119,257,260,262,265,267,445,446,447,448,449,450,451,
JON hinge ;18,19,35,36,38,39,40,41,42,44,90,91,92,93,94,116,117,118,119,257,262,263,266,267,269,270,274,275,276,277,445,446,447,448,450,451,
JON siderms;40,101,120,262,299,301,342,345,
JON sideav ;40,42,95,101,120,262,266,299,342,345,
JON maxd;40,101,120,262,299,301,342,345,


LG flexi;14,15,16,17,36,37,38,39,40,41,42,43,44,45,56,92,93,94,114,115,116,117,118,119,220,221,259,260,261,262,263,264,265,266,267,268,269,270,271,272,273,447,448,494,
LG procr;35,36,37,38,39,40,41,42,43,44,45,46,47,90,91,92,93,94,116,117,118,119,257,260,262,265,267,445,446,447,448,449,450,451,
LG hinge;18,19,35,36,38,39,40,41,42,44,90,91,92,93,94,116,117,118,119,257,262,263,266,267,269,270,274,275,276,277,445,446,447,448,450,451,
LG siderms;40,101,120,262,299,301,342,345,
LG sideav;40,42,95,101,120,262,266,299,342,345,
LG maxd;40,101,120,262,299,301,342,345,
