JON flexi;179,191,192,209,210,211,212,322,323,324,325,326,343,344,345,346,347,348,349,350,351,352,353,354,382,383,408,409,599,657,658,659,660,661,662,663,664,665,666,667,668,732,733,768,769,770,793,794,795,796,797,921,922,923,924,925,926,927,928,929,930,931,932,933,934,939,940,941,984,985,986,987,988,989,990,991,1005,
JON procr;764,765,766,767,768,769,770,771,772,773,793,
JON hinge ;208,209,210,214,215,383,765,766,767,768,769,770,771,772,773,943,
JON siderms;188,199,251,284,304,348,358,368,394,442,449,457,470,480,496,509,524,539,559,597,598,669,671,780,948,963,
JON sideav ;199,251,284,304,348,368,442,449,480,496,509,524,539,559,597,598,671,780,790,797,948,963,
JON maxd;188,199,244,251,284,304,348,358,442,449,457,480,496,509,539,559,597,635,671,735,780,948,963,


LG flexi;65,77,78,95,96,97,98,208,209,210,211,212,229,230,231,232,233,234,235,236,237,238,239,240,268,269,294,295,485,542,543,544,545,546,547,548,549,550,551,552,553,617,618,653,654,655,678,679,680,681,682,807,808,809,810,811,812,813,814,815,816,817,818,819,820,825,826,827,870,871,872,873,874,875,876,877,891,
LG procr;649,650,651,652,653,654,655,656,657,658,678,
LG hinge;94,95,96,100,101,269,650,651,652,653,654,655,656,657,658,829,
LG siderms;74,85,137,170,190,234,244,254,280,328,335,343,356,366,382,395,410,425,445,483,484,554,556,665,834,849,
LG sideav;85,137,170,190,234,254,328,335,366,382,395,410,425,445,483,484,556,665,675,682,834,849,
LG maxd;74,85,130,137,170,190,234,244,328,335,343,366,382,395,425,445,483,520,556,620,665,834,849,
