JON flexi;218,343,598,792,793,794,795,796,797,798,799,800,801,802,803,1209,1210,1211,1411,1439,1448,1449,1714,1715,
JON procr;214,347,602,796,797,798,799,800,801,802,803,804,805,806,807,1213,1214,1215,1452,1710,1711,
JON hinge ;347,602,796,797,798,799,800,801,802,803,804,805,806,807,1213,1214,1215,
JON siderms;128,161,177,205,234,236,320,343,424,448,521,598,803,805,1049,1059,1069,1161,1170,1209,1210,1228,1282,1306,1317,1371,1415,1436,1471,1508,1522,1568,1571,1622,1671,1712,1715,1890,1915,1919,1926,
JON sideav ;128,161,177,237,320,343,424,448,521,598,802,803,1049,1069,1170,1209,1210,1211,1228,1282,1317,1371,1415,1448,1504,1508,1522,1571,1622,1671,1712,1714,1715,1915,1926,
JON maxd;128,161,177,205,234,320,343,424,448,521,803,805,1049,1059,1069,1161,1170,1210,1228,1282,1306,1317,1371,1415,1436,1471,1508,1522,1568,1571,1622,1671,1712,1890,1915,1919,1926,


LG flexi;218,343,598,792,793,794,795,796,797,798,799,800,801,802,803,1209,1210,1211,1411,1439,1448,1449,1714,1715,
LG procr;214,347,602,796,797,798,799,800,801,802,803,804,805,806,807,1213,1214,1215,1452,1710,1711,
LG hinge;347,602,796,797,798,799,800,801,802,803,804,805,806,807,1213,1214,1215,
LG siderms;128,161,177,205,234,236,320,343,424,448,521,598,803,805,1049,1059,1069,1161,1170,1209,1210,1228,1282,1306,1317,1371,1415,1436,1471,1508,1522,1568,1571,1622,1671,1712,1715,1890,1915,1919,1926,
LG sideav;128,161,177,237,320,343,424,448,521,598,802,803,1049,1069,1170,1209,1210,1211,1228,1282,1317,1371,1415,1448,1504,1508,1522,1571,1622,1671,1712,1714,1715,1915,1926,
LG maxd;128,161,177,205,234,320,343,424,448,521,803,805,1049,1059,1069,1161,1170,1210,1228,1282,1306,1317,1371,1415,1436,1471,1508,1522,1568,1571,1622,1671,1712,1890,1915,1919,1926,
