JON flexi;242,243,244,245,260,
JON procr;239,240,241,242,243,244,245,246,247,
JON hinge ;240,241,244,245,260,
JON siderms;184,245,296,303,450,461,1013,1054,1070,
JON sideav ;244,281,303,1054,1070,
JON maxd;184,245,259,296,303,438,450,461,1013,1017,1054,1070,


LG flexi;242,243,244,245,260,
LG procr;239,240,241,242,243,244,245,246,247,
LG hinge;240,241,244,245,260,
LG siderms;184,245,296,303,450,461,1015,1056,1072,
LG sideav;244,281,303,1056,1072,
LG maxd;184,245,259,296,303,438,450,461,1015,1019,1056,1072,
