JON flexi;94,95,96,97,98,99,100,101,102,120,121,122,156,620,621,731,732,733,734,735,736,752,753,
JON procr;98,99,100,101,102,103,104,105,117,118,119,120,121,122,123,125,152,624,630,631,632,738,739,
JON hinge ;98,100,101,102,103,104,105,118,121,122,123,124,154,
JON siderms;109,110,159,182,189,191,608,741,744,
JON sideav ;109,110,159,182,189,608,741,743,744,
JON maxd;110,159,182,189,191,608,630,741,744,


LG flexi;94,95,96,97,98,99,100,101,102,120,121,122,156,620,621,731,732,733,734,735,736,752,753,
LG procr;98,99,100,101,102,103,104,105,117,118,119,120,121,122,123,125,152,624,630,631,632,738,739,
LG hinge;98,100,101,102,103,104,105,118,121,122,123,124,154,
LG siderms;109,110,159,182,189,191,608,741,744,
LG sideav;109,110,159,182,189,608,741,743,744,
LG maxd;110,159,182,189,191,608,630,741,744,
