JON flexi;2,408,409,410,411,
JON procr;6,16,17,18,19,20,412,413,414,415,
JON hinge ;17,18,19,412,413,414,415,
JON siderms;10,26,39,192,243,293,322,342,352,408,409,410,411,419,461,
JON sideav ;2,4,10,192,293,352,408,409,410,411,419,461,
JON maxd;10,26,39,192,243,293,322,342,352,409,410,411,419,461,


LG flexi;170,576,577,578,579,
LG procr;174,184,185,186,187,188,580,581,582,583,
LG hinge;185,186,187,580,581,582,583,
LG siderms;178,194,207,360,411,461,490,510,520,576,577,578,579,587,629,
LG sideav;170,172,178,360,461,520,576,577,578,579,587,629,
LG maxd;178,194,207,360,411,461,490,510,520,577,578,579,587,629,
