JON flexi;396,397,398,399,400,401,402,403,404,433,434,435,436,437,438,439,440,442,443,444,445,549,591,592,611,612,635,636,637,638,639,640,641,642,643,644,645,682,683,684,
JON procr;397,398,399,400,401,402,403,404,405,406,407,431,432,433,434,446,447,448,589,590,
JON hinge ;399,400,401,402,403,404,405,406,407,433,446,447,574,
JON siderms;111,172,186,193,290,314,350,363,401,402,403,430,442,533,537,572,590,596,613,642,654,662,663,668,676,
JON sideav ;111,172,186,236,279,290,314,350,363,402,403,430,442,462,533,537,572,642,654,662,676,
JON maxd;111,172,193,196,290,314,362,363,399,401,402,403,430,442,533,537,572,590,596,613,642,654,662,668,669,676,


LG flexi;407,408,409,410,411,412,413,414,415,444,445,446,447,448,449,450,451,453,454,455,456,560,602,603,622,623,646,647,648,649,650,651,652,653,654,655,656,693,694,695,
LG procr;408,409,410,411,412,413,414,415,416,417,418,442,443,444,445,457,458,459,600,601,
LG hinge;410,411,412,413,414,415,416,417,418,444,457,458,585,
LG siderms;122,183,197,204,301,325,361,374,412,413,414,441,453,544,548,583,601,607,624,653,665,673,674,679,687,
LG sideav;122,183,197,247,290,301,325,361,374,413,414,441,453,473,544,548,583,653,665,673,687,
LG maxd;122,183,204,207,301,325,373,374,410,412,413,414,441,453,544,548,583,601,607,624,653,665,673,679,680,687,
