JON flexi;65,66,175,176,425,426,427,428,429,500,558,1075,1076,1077,1078,1079,1080,1081,1082,1083,1084,1215,1257,1258,1259,1260,1261,1262,1303,1304,1305,1306,1307,1308,
JON procr;171,172,423,424,425,426,427,428,429,433,504,1079,1080,1254,1255,1256,1257,1264,1265,1303,1304,
JON hinge ;172,421,422,423,424,425,426,427,428,429,431,432,433,504,505,1239,1240,1241,1242,1304,
JON siderms;92,150,424,484,500,586,640,678,733,762,843,1230,1240,
JON sideav ;92,150,176,484,500,586,640,657,678,733,762,843,1230,1240,
JON maxd;92,150,424,484,500,586,640,678,733,762,843,1230,1240,


LG flexi;66,67,176,177,426,427,428,429,430,501,559,1076,1077,1078,1079,1080,1081,1082,1083,1084,1085,1216,1258,1259,1260,1261,1262,1263,1304,1305,1306,1307,1308,1309,
LG procr;172,173,424,425,426,427,428,429,430,434,505,1080,1081,1255,1256,1257,1258,1265,1266,1304,1305,
LG hinge;173,422,423,424,425,426,427,428,429,430,432,433,434,505,506,1240,1241,1242,1243,1305,
LG siderms;93,151,425,485,501,587,641,679,734,763,844,1231,1241,
LG sideav;93,151,177,485,501,587,641,658,679,734,763,844,1231,1241,
LG maxd;93,151,425,485,501,587,641,679,734,763,844,1231,1241,
