JON flexi;2,3,57,80,106,107,108,109,110,142,143,144,159,160,161,162,194,195,196,258,259,300,301,318,319,320,321,322,323,324,325,326,327,328,329,
JON procr;53,103,104,105,106,107,108,109,110,111,139,140,141,142,143,144,145,146,147,155,156,157,158,159,160,161,162,163,164,190,191,192,193,194,195,196,197,198,254,255,322,323,324,325,326,327,328,329,330,
JON hinge ;107,108,112,143,147,148,155,157,161,162,163,164,165,192,193,194,195,196,197,199,254,255,324,325,333,
JON siderms;36,44,54,129,135,233,259,294,297,319,
JON sideav ;36,44,129,159,230,233,237,259,294,
JON maxd;36,44,54,129,135,162,233,259,294,297,319,


LG flexi;2,3,57,80,106,107,108,109,110,142,143,144,159,160,161,162,194,195,196,258,259,300,301,318,319,320,321,322,323,324,325,326,327,328,329,
LG procr;53,103,104,105,106,107,108,109,110,111,139,140,141,142,143,144,145,146,147,155,156,157,158,159,160,161,162,163,164,190,191,192,193,194,195,196,197,198,254,255,322,323,324,325,326,327,328,329,330,
LG hinge;107,108,112,143,147,148,155,157,161,162,163,164,165,192,193,194,195,196,197,199,254,255,324,325,333,
LG siderms;36,44,54,129,135,233,259,294,297,319,
LG sideav;36,44,129,159,230,233,237,259,294,
LG maxd;36,44,54,129,135,162,233,259,294,297,319,
