JON flexi;29,237,251,252,253,254,255,256,257,258,283,284,316,317,319,320,321,322,323,324,325,326,327,328,329,330,
JON procr;33,98,99,100,101,233,255,256,257,258,259,260,261,262,280,281,282,283,284,285,286,287,288,312,313,323,324,325,326,
JON hinge ;33,255,256,257,258,259,260,261,262,313,
JON siderms;62,110,142,209,221,251,321,323,
JON sideav ;110,142,251,321,323,328,
JON maxd;62,110,142,209,221,251,321,323,


LG flexi;29,237,251,252,253,254,255,256,257,258,283,284,316,317,319,320,321,322,323,324,325,326,327,328,329,330,
LG procr;33,98,99,100,101,233,255,256,257,258,259,260,261,262,280,281,282,283,284,285,286,287,288,312,313,323,324,325,326,
LG hinge;33,255,256,257,258,259,260,261,262,313,
LG siderms;62,110,142,209,221,251,321,323,
LG sideav;110,142,251,321,323,328,
LG maxd;62,110,142,209,221,251,321,323,
