JON flexi;73,74,89,90,225,226,227,228,229,230,231,232,244,245,246,247,253,254,255,256,257,258,259,260,261,262,263,264,265,266,267,268,269,270,271,272,292,293,294,295,296,297,298,299,300,301,302,321,322,323,324,325,326,327,328,329,330,331,332,333,334,335,336,337,338,339,340,341,342,
JON procr;77,85,86,229,230,231,232,233,234,235,240,241,242,243,257,258,259,260,261,262,263,264,265,266,267,268,296,297,298,299,300,301,302,303,304,305,309,310,312,313,317,318,319,320,321,322,323,324,325,326,327,328,329,330,331,332,333,334,335,336,337,338,
JON hinge ;86,229,234,235,268,296,299,301,305,318,323,324,325,326,333,334,335,337,338,
JON siderms;227,247,270,299,332,
JON sideav ;227,247,299,332,
JON maxd;227,247,299,332,


LG flexi;73,74,89,90,225,226,227,228,229,230,231,232,244,245,246,247,253,254,255,256,257,258,259,260,261,262,263,264,265,266,267,268,269,270,271,272,292,293,294,295,296,297,298,299,300,301,302,321,322,323,324,325,326,327,328,329,330,331,332,333,334,335,336,337,338,339,340,341,342,
LG procr;77,85,86,229,230,231,232,233,234,235,240,241,242,243,257,258,259,260,261,262,263,264,265,266,267,268,296,297,298,299,300,301,302,303,304,305,309,310,312,313,317,318,319,320,321,322,323,324,325,326,327,328,329,330,331,332,333,334,335,336,337,338,
LG hinge;86,229,234,235,268,296,299,301,305,318,323,324,325,326,333,334,335,337,338,
LG siderms;227,247,270,299,332,
LG sideav;227,247,299,332,
LG maxd;227,247,299,332,
