JON flexi;235,236,327,328,398,399,400,401,402,403,404,405,406,407,446,489,535,536,537,538,539,540,541,542,600,601,634,635,636,661,662,663,728,729,730,731,732,733,734,735,736,737,738,739,740,741,768,769,770,771,772,773,774,775,776,777,778,779,780,781,782,783,936,937,938,939,940,941,942,943,978,979,980,981,982,983,999,1000,1001,1002,1003,1004,1005,1006,1007,1008,1097,1098,
JON procr;231,232,233,234,235,236,237,238,239,489,490,531,532,533,534,535,536,537,538,539,540,541,542,631,632,633,634,635,636,637,638,639,662,663,732,735,736,737,738,739,740,741,742,743,744,779,935,936,937,938,939,940,941,1003,
JON hinge ;232,233,234,235,236,237,238,239,486,487,491,532,533,534,535,536,539,540,541,542,631,632,633,634,635,636,637,638,639,726,727,730,731,735,739,740,743,936,1096,1100,
JON siderms;185,240,400,407,490,538,556,632,660,674,727,739,750,868,894,1008,1090,1147,
JON sideav ;185,240,400,474,490,556,632,635,660,663,674,727,739,750,779,868,894,1008,1090,1098,1147,1245,
JON maxd;185,240,400,407,490,538,556,632,660,674,727,739,750,868,894,1008,1090,1147,


LG flexi;235,236,327,328,398,399,400,401,402,403,404,405,406,407,446,489,535,536,537,538,539,540,541,542,600,601,634,635,636,661,662,663,728,729,730,731,732,733,734,735,736,737,738,739,740,741,768,769,770,771,772,773,774,775,776,777,778,779,780,781,782,783,936,937,938,939,940,941,942,943,978,979,980,981,982,983,999,1000,1001,1002,1003,1004,1005,1006,1007,1008,1097,1098,
LG procr;231,232,233,234,235,236,237,238,239,489,490,531,532,533,534,535,536,537,538,539,540,541,542,631,632,633,634,635,636,637,638,639,662,663,732,735,736,737,738,739,740,741,742,743,744,779,935,936,937,938,939,940,941,1003,
LG hinge;232,233,234,235,236,237,238,239,486,487,491,532,533,534,535,536,539,540,541,542,631,632,633,634,635,636,637,638,639,726,727,730,731,735,739,740,743,936,1096,1100,
LG siderms;185,240,400,407,490,538,556,632,660,674,727,739,750,868,894,1008,1090,1147,
LG sideav;185,240,400,474,490,556,632,635,660,663,674,727,739,750,779,868,894,1008,1090,1098,1147,1245,
LG maxd;185,240,400,407,490,538,556,632,660,674,727,739,750,868,894,1008,1090,1147,
