JON flexi;723,724,764,765,766,767,787,788,789,790,791,792,793,794,795,796,814,
JON procr;719,720,721,722,723,724,725,726,727,761,762,763,764,765,766,767,768,769,784,785,786,787,788,789,790,791,792,793,794,795,796,797,798,799,800,
JON hinge ;720,721,722,723,724,725,727,761,762,763,764,765,766,767,768,769,784,787,788,789,794,795,796,797,798,799,
JON siderms;463,467,519,561,620,677,679,686,709,714,717,719,739,759,765,766,767,768,785,787,788,796,843,863,1012,1090,1093,1094,1186,1200,1208,1213,
JON sideav ;467,494,561,620,662,677,679,689,714,717,724,747,766,767,768,771,774,784,788,789,796,797,800,819,821,844,863,864,870,1012,1094,1208,1210,1212,1213,
JON maxd;463,467,561,620,677,679,686,709,714,717,739,759,765,766,767,768,787,788,796,841,863,892,1012,1093,1094,1186,1200,1208,1213,


LG flexi;332,333,373,374,375,376,396,397,398,399,400,401,402,403,404,405,423,
LG procr;328,329,330,331,332,333,334,335,336,370,371,372,373,374,375,376,377,378,393,394,395,396,397,398,399,400,401,402,403,404,405,406,407,408,409,
LG hinge;329,330,331,332,333,334,336,370,371,372,373,374,375,376,377,378,393,396,397,398,403,404,405,406,407,408,
LG siderms;72,76,128,170,229,286,288,295,318,323,326,328,348,368,374,375,376,377,394,396,397,405,452,472,621,699,702,703,795,809,817,822,
LG sideav;76,103,170,229,271,286,288,298,323,326,333,356,375,376,377,380,383,393,397,398,405,406,409,428,430,453,472,473,479,621,703,817,819,821,822,
LG maxd;72,76,170,229,286,288,295,318,323,326,348,368,374,375,376,377,396,397,405,450,472,501,621,702,703,795,809,817,822,
