JON flexi;392,409,410,411,412,413,414,415,416,417,418,419,420,421,422,423,455,456,457,458,615,616,617,618,
JON procr;396,409,410,411,412,413,414,415,416,417,418,419,420,421,422,423,424,425,
JON hinge ;409,410,411,412,415,416,417,418,419,420,422,423,424,425,612,613,618,
JON siderms;505,620,664,
JON sideav ;505,620,664,
JON maxd;505,620,664,


LG flexi;392,409,410,411,412,413,414,415,416,417,418,419,420,421,422,423,455,456,457,458,615,616,617,618,
LG procr;396,409,410,411,412,413,414,415,416,417,418,419,420,421,422,423,424,425,
LG hinge;409,410,411,412,415,416,417,418,419,420,422,423,424,425,612,613,618,
LG siderms;505,620,664,
LG sideav;505,620,664,
LG maxd;505,620,664,
