JON flexi;170,182,183,184,185,189,190,207,208,209,210,211,212,213,214,215,216,217,218,306,307,325,451,461,462,463,464,465,466,467,511,512,513,514,515,516,517,518,
JON procr;174,211,212,213,214,215,216,217,218,219,220,379,512,513,514,
JON hinge ;212,213,214,215,216,217,218,219,220,
JON siderms;170,205,209,255,372,461,467,499,
JON sideav ;170,205,209,255,263,372,461,467,499,
JON maxd;170,205,209,255,372,461,467,499,


LG flexi;170,182,183,184,185,189,190,207,208,209,210,211,212,213,214,215,216,217,218,306,307,325,451,461,462,463,464,465,466,467,511,512,513,514,515,516,517,518,
LG procr;174,211,212,213,214,215,216,217,218,219,220,379,512,513,514,
LG hinge;212,213,214,215,216,217,218,219,220,
LG siderms;170,205,209,255,372,461,467,499,
LG sideav;170,205,209,255,263,372,461,467,499,
LG maxd;170,205,209,255,372,461,467,499,
