JON flexi;182,183,184,185,186,199,
JON procr;179,180,181,182,183,184,185,186,187,188,189,
JON hinge ;179,180,181,182,183,184,185,186,187,
JON siderms;70,103,130,142,181,207,212,279,286,
JON sideav ;70,100,103,142,180,184,186,199,212,279,286,328,
JON maxd;70,130,142,181,207,212,279,286,


LG flexi;180,181,182,183,184,197,
LG procr;177,178,179,180,181,182,183,184,185,186,187,
LG hinge;177,178,179,180,181,182,183,184,185,
LG siderms;68,101,128,140,179,205,210,277,284,
LG sideav;68,98,101,140,178,182,184,197,210,277,284,326,
LG maxd;68,128,140,179,205,210,277,284,
