JON flexi;125,126,127,128,129,130,131,132,133,134,135,136,137,138,139,140,141,142,143,144,145,
JON procr;129,130,131,132,133,134,135,136,137,138,139,140,141,
JON hinge ;129,132,133,134,135,138,139,140,141,409,410,411,412,417,418,419,420,423,
JON siderms;128,134,135,145,266,280,335,349,358,383,853,854,974,995,
JON sideav ;125,126,128,134,135,136,145,266,335,349,358,383,854,974,995,
JON maxd;128,134,266,280,335,349,358,383,853,854,974,995,


LG flexi;40,41,42,43,44,45,46,47,48,49,50,51,52,53,54,55,56,57,58,59,60,
LG procr;44,45,46,47,48,49,50,51,52,53,54,55,56,
LG hinge;44,47,48,49,50,53,54,55,56,324,325,326,327,332,333,334,335,338,
LG siderms;43,49,50,60,181,195,250,264,273,298,768,769,889,910,
LG sideav;40,41,43,49,50,51,60,181,250,264,273,298,769,889,910,
LG maxd;43,49,181,195,250,264,273,298,768,769,889,910,
