JON flexi;394,395,396,495,496,497,498,514,515,516,592,593,729,730,
JON procr;390,391,392,393,394,395,396,397,398,512,
JON hinge ;391,392,393,394,395,396,397,398,726,
JON siderms;230,245,290,357,395,437,495,558,578,585,714,
JON sideav ;230,290,306,357,395,437,495,516,558,585,714,
JON maxd;230,245,290,357,395,437,558,578,585,714,


LG flexi;394,395,396,495,496,497,498,514,515,516,592,593,729,730,
LG procr;390,391,392,393,394,395,396,397,398,512,
LG hinge;391,392,393,394,395,396,397,398,726,
LG siderms;230,245,290,357,395,437,495,558,578,585,714,
LG sideav;230,290,306,357,395,437,495,516,558,585,714,
LG maxd;230,245,290,357,395,437,558,578,585,714,
