JON flexi;8,9,10,11,12,13,14,15,16,17,18,19,186,187,188,189,190,191,192,193,194,211,212,213,214,215,216,
JON procr;12,13,14,15,16,17,18,19,20,21,22,190,191,193,194,195,196,197,198,210,211,212,213,
JON hinge ;13,14,15,16,17,18,19,20,21,22,190,195,196,197,213,221,222,
JON siderms;19,23,186,199,235,282,358,359,435,448,468,480,503,508,509,
JON sideav ;19,23,122,149,186,282,358,359,435,448,468,480,503,
JON maxd;19,23,199,235,282,358,359,435,448,468,503,508,509,


LG flexi;43,44,45,46,47,48,49,50,51,52,53,54,221,222,223,224,225,226,227,228,229,246,247,248,249,250,251,
LG procr;47,48,49,50,51,52,53,54,55,56,57,225,226,228,229,230,231,232,233,245,246,247,248,
LG hinge;48,49,50,51,52,53,54,55,56,57,225,230,231,232,248,256,257,
LG siderms;54,58,221,234,270,317,393,394,470,483,503,515,538,543,544,
LG sideav;54,58,157,184,221,317,393,394,470,483,503,515,538,
LG maxd;54,58,234,270,317,393,394,470,483,503,538,543,544,
