JON flexi;88,314,397,444,549,593,594,595,596,597,598,599,600,601,602,714,966,1020,1021,1034,1035,1036,1068,1069,1070,1071,1072,1073,1074,1304,1305,1306,1307,1384,1385,1386,1387,1388,1389,1390,1391,1392,1393,1394,1395,1396,1397,1398,1399,1400,1401,1515,
JON procr;318,393,440,589,590,591,592,593,594,595,596,597,1032,1071,1072,1073,1300,1301,1302,1303,1304,1305,1306,1307,1308,1385,1388,1390,1391,1392,1393,1394,
JON hinge ;88,89,90,393,592,593,596,598,600,601,603,605,854,855,964,965,969,1032,1071,1072,1073,1074,1300,1301,1302,1303,1304,1305,1306,1307,1308,1310,1345,1381,1382,1383,1384,1385,1386,1387,1388,1389,1390,1391,1392,1393,1394,1395,1396,1398,1402,1403,
JON siderms;139,314,382,397,439,444,469,485,505,580,603,655,669,693,714,779,806,823,958,965,966,967,1014,1020,1021,1035,1036,1053,1057,1069,1138,1214,1269,1284,1311,1338,1340,1346,1349,1390,1418,1487,1579,1595,1602,1652,1660,1669,
JON sideav ;88,139,314,382,383,397,439,444,469,485,505,601,602,656,669,693,714,823,948,958,965,966,967,1014,1020,1021,1035,1036,1053,1057,1069,1075,1214,1269,1346,1349,1354,1390,1437,1487,1595,1602,1660,
JON maxd;139,314,382,439,444,469,485,505,580,603,655,669,693,714,779,806,823,958,966,967,1014,1021,1035,1053,1057,1069,1138,1142,1214,1269,1284,1311,1340,1346,1349,1418,1487,1595,1602,1652,1660,1669,


LG flexi;88,314,397,444,549,593,594,595,596,597,598,599,600,601,602,714,966,1020,1021,1034,1035,1036,1068,1069,1070,1071,1072,1073,1074,1304,1305,1306,1307,1384,1385,1386,1387,1388,1389,1390,1391,1392,1393,1394,1395,1396,1397,1398,1399,1400,1401,1515,
LG procr;318,393,440,589,590,591,592,593,594,595,596,597,1032,1071,1072,1073,1300,1301,1302,1303,1304,1305,1306,1307,1308,1385,1388,1390,1391,1392,1393,1394,
LG hinge;88,89,90,393,592,593,596,598,600,601,603,605,854,855,964,965,969,1032,1071,1072,1073,1074,1300,1301,1302,1303,1304,1305,1306,1307,1308,1310,1345,1381,1382,1383,1384,1385,1386,1387,1388,1389,1390,1391,1392,1393,1394,1395,1396,1398,1402,1403,
LG siderms;139,314,382,397,439,444,469,485,505,580,603,655,669,693,714,779,806,823,958,965,966,967,1014,1020,1021,1035,1036,1053,1057,1069,1138,1214,1269,1284,1311,1338,1340,1346,1349,1390,1418,1487,1579,1595,1602,1652,1660,1669,
LG sideav;88,139,314,382,383,397,439,444,469,485,505,601,602,656,669,693,714,823,948,958,965,966,967,1014,1020,1021,1035,1036,1053,1057,1069,1075,1214,1269,1346,1349,1354,1390,1437,1487,1595,1602,1660,
LG maxd;139,314,382,439,444,469,485,505,580,603,655,669,693,714,779,806,823,958,966,967,1014,1021,1035,1053,1057,1069,1138,1142,1214,1269,1284,1311,1340,1346,1349,1418,1487,1595,1602,1652,1660,1669,
