JON flexi;26,27,28,29,30,31,32,33,34,35,36,37,38,39,40,41,42,43,44,45,121,209,
JON procr;30,31,32,33,34,35,36,37,38,
JON hinge ;31,32,33,34,35,36,37,46,
JON siderms;31,110,160,283,287,315,387,
JON sideav ;110,160,209,283,387,
JON maxd;31,110,160,283,315,387,


LG flexi;26,27,28,29,30,31,32,33,34,35,36,37,38,39,40,41,42,43,44,45,121,209,
LG procr;30,31,32,33,34,35,36,37,38,
LG hinge;31,32,33,34,35,36,37,46,
LG siderms;31,110,160,283,287,315,387,
LG sideav;110,160,209,283,387,
LG maxd;31,110,160,283,315,387,
