JON flexi;45,171,172,173,174,175,176,329,
JON procr;168,169,170,171,172,173,174,175,325,326,327,328,329,330,331,332,333,
JON hinge ;168,169,170,171,172,173,174,175,176,177,178,179,327,328,329,330,331,332,333,
JON siderms;43,45,116,147,172,483,499,574,606,
JON sideav ;43,45,116,147,172,175,219,457,483,499,574,600,606,
JON maxd;43,116,147,172,483,499,574,606,


LG flexi;45,171,172,173,174,175,176,329,
LG procr;168,169,170,171,172,173,174,175,325,326,327,328,329,330,331,332,333,
LG hinge;168,169,170,171,172,173,174,175,176,177,178,179,327,328,329,330,331,332,333,
LG siderms;43,45,116,147,172,486,502,577,609,
LG sideav;43,45,116,147,172,175,219,460,486,502,577,603,609,
LG maxd;43,116,147,172,486,502,577,609,
