JON flexi;43,44,45,46,47,48,49,50,76,77,80,94,102,103,104,105,106,107,108,109,110,111,176,191,192,193,194,458,
JON procr;111,112,113,172,173,174,175,176,177,178,179,180,188,189,190,191,192,193,194,195,
JON hinge ;47,48,51,52,53,106,107,111,112,113,114,175,179,188,189,190,192,193,194,195,
JON siderms;66,111,126,192,309,319,394,399,
JON sideav ;48,66,109,111,114,126,319,394,399,
JON maxd;66,77,111,117,126,150,192,309,319,394,399,


LG flexi;43,44,45,46,47,48,49,50,76,77,80,94,102,103,104,105,106,107,108,109,110,111,176,191,192,193,194,458,
LG procr;111,112,113,172,173,174,175,176,177,178,179,180,188,189,190,191,192,193,194,195,
LG hinge;47,48,51,52,53,106,107,111,112,113,114,175,179,188,189,190,192,193,194,195,
LG siderms;66,111,126,192,309,319,394,399,
LG sideav;48,66,109,111,114,126,319,394,399,
LG maxd;66,77,111,117,126,150,192,309,319,394,399,
