JON flexi;393,394,395,396,1216,1217,1218,1219,1220,1221,1222,1223,1224,
JON procr;389,390,391,392,1220,
JON hinge ;389,390,391,392,1220,
JON siderms;260,295,310,344,348,394,395,441,450,917,1218,1221,1224,1683,2306,2307,
JON sideav ;260,295,310,344,394,395,396,441,450,917,1216,1218,1221,1224,1683,2307,
JON maxd;236,260,292,295,310,344,348,395,441,445,450,917,1221,1224,1683,2307,


LG flexi;398,399,400,401,1221,1222,1223,1224,1225,1226,1227,1228,1229,
LG procr;394,395,396,397,1225,
LG hinge;394,395,396,397,1225,
LG siderms;260,295,310,344,348,399,400,446,455,922,1223,1226,1229,1688,2311,2312,
LG sideav;260,295,310,344,399,400,401,446,455,922,1221,1223,1226,1229,1688,2312,
LG maxd;236,260,292,295,310,344,348,400,446,450,455,922,1226,1229,1688,2312,
