JON flexi;39,40,41,42,43,44,45,46,47,48,49,50,51,52,53,54,55,76,77,78,79,80,81,82,83,84,85,86,87,88,191,195,196,197,198,199,200,201,202,
JON procr;43,73,74,75,76,77,78,79,80,81,82,83,84,187,199,200,201,202,203,204,205,206,
JON hinge ;73,74,75,76,78,79,80,81,
JON siderms;137,142,
JON sideav ;137,142,
JON maxd;137,142,


LG flexi;40,41,42,43,44,45,46,47,48,49,50,51,52,53,54,55,56,77,78,79,80,81,82,83,84,85,86,87,88,89,192,196,197,198,199,200,201,202,203,
LG procr;44,74,75,76,77,78,79,80,81,82,83,84,85,188,200,201,202,203,204,205,206,207,
LG hinge;74,75,76,77,79,80,81,82,
LG siderms;138,143,
LG sideav;138,143,
LG maxd;138,143,
