JON flexi;43,44,45,46,47,48,81,93,200,201,202,203,204,
JON procr;39,40,41,42,43,44,45,46,47,48,49,
JON hinge ;40,41,42,43,44,45,46,47,48,49,
JON siderms;40,42,57,58,116,192,193,
JON sideav ;29,42,43,48,57,58,93,118,244,
JON maxd;40,42,57,58,94,116,192,193,


LG flexi;46,47,48,49,50,51,84,96,203,204,205,206,207,
LG procr;42,43,44,45,46,47,48,49,50,51,52,
LG hinge;43,44,45,46,47,48,49,50,51,52,
LG siderms;43,45,60,61,119,195,196,
LG sideav;32,45,46,51,60,61,96,121,247,
LG maxd;43,45,60,61,97,119,195,196,
