JON flexi;42,52,53,54,55,56,57,58,59,60,61,62,63,64,65,66,75,76,77,124,125,126,305,306,307,308,309,310,311,312,313,
JON procr;79,80,120,121,122,123,124,125,126,127,128,129,302,303,304,305,306,307,308,309,
JON hinge ;46,49,50,79,80,84,125,126,127,128,129,240,302,303,304,305,306,307,308,309,
JON siderms;43,45,178,252,256,276,290,
JON sideav ;43,45,125,252,256,276,290,
JON maxd;43,45,178,252,256,276,290,


LG flexi;18,28,29,30,31,32,33,34,35,36,37,38,39,40,41,42,51,52,53,100,101,102,281,282,283,284,285,286,287,288,289,
LG procr;55,56,96,97,98,99,100,101,102,103,104,105,278,279,280,281,282,283,284,285,
LG hinge;22,25,26,55,56,60,101,102,103,104,105,216,278,279,280,281,282,283,284,285,
LG siderms;19,21,154,228,232,252,266,
LG sideav;19,21,101,228,232,252,266,
LG maxd;19,21,154,228,232,252,266,
