JON flexi;35,36,37,38,39,40,41,42,43,44,45,46,47,48,49,50,51,84,85,86,123,159,217,218,
JON procr;40,41,42,43,44,45,46,47,48,49,50,51,52,53,54,85,87,88,121,122,123,124,125,155,156,157,158,159,160,161,162,163,
JON hinge ;44,45,48,49,50,53,54,124,215,220,222,
JON siderms;44,103,129,253,
JON sideav ;40,44,46,48,66,159,
JON maxd;44,103,129,253,


LG flexi;34,35,36,37,38,39,40,41,42,43,44,45,46,47,48,49,50,83,84,85,122,158,216,217,
LG procr;39,40,41,42,43,44,45,46,47,48,49,50,51,52,53,84,86,87,120,121,122,123,124,154,155,156,157,158,159,160,161,162,
LG hinge;43,44,47,48,49,52,53,123,214,219,221,
LG siderms;43,102,128,252,
LG sideav;39,43,45,47,65,158,
LG maxd;43,102,128,252,
