JON flexi;63,192,242,243,244,245,246,247,248,249,250,251,252,253,254,255,256,257,258,259,260,261,262,263,264,345,346,347,348,349,350,351,352,383,384,703,729,775,776,777,778,851,852,853,1034,1035,1036,1037,1038,1039,1040,1041,1042,1043,1044,1045,
JON procr;59,188,246,247,248,249,250,251,252,253,254,255,256,257,258,259,260,262,263,264,265,266,267,268,274,275,276,277,278,279,349,350,351,352,353,354,355,356,358,359,362,363,364,365,366,379,380,707,733,737,748,749,750,751,752,753,754,755,779,780,781,782,787,847,848,849,1038,1039,1040,1041,
JON hinge ;246,247,248,249,250,251,252,253,259,260,263,264,265,266,267,349,733,751,752,753,779,780,787,847,849,1038,1039,1040,1041,
JON siderms;110,128,180,246,247,254,269,287,289,320,703,711,726,730,735,759,846,915,925,
JON sideav ;110,128,167,180,247,253,254,283,287,320,711,726,730,759,846,915,925,
JON maxd;110,128,180,246,247,254,257,287,289,320,711,726,730,735,759,846,915,925,


LG flexi;63,192,208,209,210,211,212,213,214,215,216,217,218,219,220,221,222,223,224,225,226,227,228,229,230,311,312,313,314,315,316,317,318,349,350,669,695,741,742,743,744,817,818,819,1000,1001,1002,1003,1004,1005,1006,1007,1008,1009,1010,1011,
LG procr;59,188,212,213,214,215,216,217,218,219,220,221,222,223,224,225,226,228,229,230,231,232,233,234,240,241,242,243,244,245,315,316,317,318,319,320,321,322,324,325,328,329,330,331,332,345,346,673,699,703,714,715,716,717,718,719,720,721,745,746,747,748,753,813,814,815,1004,1005,1006,1007,
LG hinge;212,213,214,215,216,217,218,219,225,226,229,230,231,232,233,315,699,717,718,719,745,746,753,813,815,1004,1005,1006,1007,
LG siderms;110,128,180,212,213,220,235,253,255,286,669,677,692,696,701,725,812,881,891,
LG sideav;110,128,167,180,213,219,220,249,253,286,677,692,696,725,812,881,891,
LG maxd;110,128,180,212,213,220,223,253,255,286,677,692,696,701,725,812,881,891,
