JON flexi;323,386,406,407,408,409,410,411,412,413,414,415,416,417,418,1168,1348,1495,1597,1598,1599,1600,1601,1602,1603,1604,1605,1606,1752,1753,1830,1936,1937,1938,1939,1956,1966,2087,
JON procr;383,384,385,386,387,388,389,390,410,411,412,413,414,1164,1165,1166,1167,1168,1169,1170,1171,1172,1491,1594,1595,1596,1597,1598,1599,1600,1601,1602,1748,1749,1940,1941,1942,1952,1970,2084,2085,2086,2087,
JON hinge ;386,410,411,412,413,1168,1595,1596,1597,1598,1599,1600,1601,1602,1940,1941,1942,1952,
JON siderms;88,153,193,301,323,406,407,408,409,410,530,538,762,773,809,819,856,992,1054,1128,1144,1149,1167,1236,1483,1538,1597,1598,1599,1601,1602,1603,1604,1605,1606,1624,1694,1751,1753,1768,1775,1864,1936,1937,1938,1939,1955,1956,1966,1978,1980,2109,2146,2169,2191,2204,2220,2251,
JON sideav ;88,193,406,407,408,409,410,530,538,809,819,856,992,1054,1167,1236,1483,1597,1598,1599,1601,1602,1603,1604,1605,1606,1624,1689,1694,1751,1753,1849,1864,1936,1937,1938,1939,1955,1956,1966,1978,2005,2042,2109,2146,2169,2204,2251,
JON maxd;88,153,193,301,406,407,408,409,410,433,530,538,762,773,809,819,856,992,994,1054,1128,1149,1167,1171,1236,1476,1538,1597,1598,1599,1602,1603,1604,1605,1606,1624,1694,1751,1768,1775,1864,1902,1936,1937,1939,1955,1956,1966,1978,1980,2018,2109,2146,2169,2191,2204,2220,2251,


LG flexi;321,384,404,405,406,407,408,409,410,411,412,413,414,415,416,1165,1345,1492,1594,1595,1596,1597,1598,1599,1600,1601,1602,1603,1749,1750,1827,1933,1934,1935,1936,1953,1963,2084,
LG procr;381,382,383,384,385,386,387,388,408,409,410,411,412,1161,1162,1163,1164,1165,1166,1167,1168,1169,1488,1591,1592,1593,1594,1595,1596,1597,1598,1599,1745,1746,1937,1938,1939,1949,1967,2081,2082,2083,2084,
LG hinge;384,408,409,410,411,1165,1592,1593,1594,1595,1596,1597,1598,1599,1937,1938,1939,1949,
LG siderms;86,151,191,299,321,404,405,406,407,408,528,536,760,771,807,817,854,989,1051,1125,1141,1146,1164,1233,1480,1535,1594,1595,1596,1598,1599,1600,1601,1602,1603,1621,1691,1748,1750,1765,1772,1861,1933,1934,1935,1936,1952,1953,1963,1975,1977,2106,2143,2166,2188,2201,2217,2248,
LG sideav;86,191,404,405,406,407,408,528,536,807,817,854,989,1051,1164,1233,1480,1594,1595,1596,1598,1599,1600,1601,1602,1603,1621,1686,1691,1748,1750,1846,1861,1933,1934,1935,1936,1952,1953,1963,1975,2002,2039,2106,2143,2166,2201,2248,
LG maxd;86,151,191,299,404,405,406,407,408,431,528,536,760,771,807,817,854,989,991,1051,1125,1146,1164,1168,1233,1473,1535,1594,1595,1596,1599,1600,1601,1602,1603,1621,1691,1748,1765,1772,1861,1899,1933,1934,1936,1952,1953,1963,1975,1977,2015,2106,2143,2166,2188,2201,2217,2248,
