JON flexi;30,31,113,114,115,116,117,118,119,745,746,747,748,749,799,800,801,802,803,804,805,806,807,808,809,823,824,835,836,837,838,839,840,841,842,843,844,888,889,917,918,919,920,921,922,923,924,925,926,927,928,929,930,1551,
JON procr;34,117,118,119,120,121,122,123,258,259,260,261,262,263,264,749,750,751,752,753,795,796,797,798,799,800,809,810,811,812,813,827,832,841,842,843,844,845,846,847,848,884,885,914,915,916,917,918,919,920,921,922,923,924,925,926,
JON hinge ;34,118,121,258,259,260,263,264,749,750,751,792,793,798,799,800,809,810,811,832,842,843,844,846,847,848,914,915,916,917,918,919,920,921,922,925,926,1556,
JON siderms;119,140,198,378,664,842,860,920,1552,
JON sideav ;18,30,31,81,109,114,115,116,118,119,288,424,553,604,605,697,746,747,749,750,751,774,775,795,799,800,802,803,805,808,809,823,824,826,835,836,842,844,856,888,889,917,918,919,920,921,923,924,925,927,929,1553,1554,
JON maxd;119,198,332,378,569,664,842,860,907,910,920,1117,1124,1552,


LG flexi;288,289,370,371,372,373,374,375,376,1432,1433,1434,1435,1436,1578,1579,1580,1581,1582,1583,1664,1665,1666,1667,1668,1679,1680,1691,1692,1714,1715,1716,1717,1718,1719,1720,1721,1766,1767,1802,1803,1804,1805,1806,1807,1808,1809,1810,1811,1812,1813,1814,1815,2159,
LG procr;292,374,375,376,377,378,379,380,688,689,690,691,692,693,694,1436,1437,1438,1439,1440,1574,1575,1576,1577,1578,1579,1668,1669,1670,1671,1672,1683,1688,1718,1719,1720,1721,1722,1723,1724,1725,1762,1763,1799,1800,1801,1802,1803,1804,1805,1806,1807,1808,1809,1810,1811,
LG hinge;292,375,378,688,689,690,693,694,1436,1437,1438,1571,1572,1577,1578,1579,1668,1669,1670,1688,1719,1720,1721,1723,1724,1725,1799,1800,1801,1802,1803,1804,1805,1806,1807,1810,1811,2164,
LG siderms;376,397,541,894,1352,1719,1738,1805,2160,
LG sideav;240,288,289,337,365,371,372,373,375,376,718,938,1239,1289,1290,1384,1433,1434,1436,1437,1438,1461,1554,1574,1578,1579,1581,1582,1664,1667,1668,1679,1680,1682,1691,1692,1719,1721,1733,1766,1767,1802,1803,1804,1805,1806,1808,1809,1810,1812,1814,2161,2162,
LG maxd;376,541,760,894,1254,1352,1719,1738,1792,1795,1805,2020,2027,2160,
