JON flexi;469,554,555,556,557,558,559,560,561,562,563,564,565,566,567,568,569,570,571,697,698,
JON procr;552,553,554,555,556,557,558,559,560,561,562,563,564,565,693,694,695,696,697,698,699,700,701,
JON hinge ;551,553,554,555,556,557,558,561,562,563,564,565,694,695,696,697,698,699,700,701,
JON siderms;65,97,190,261,469,478,541,557,618,661,698,730,761,818,819,822,870,901,
JON sideav ;55,65,97,190,261,469,478,507,541,554,555,556,557,562,615,661,698,699,704,730,761,817,818,819,822,852,870,
JON maxd;65,97,190,261,478,541,618,661,698,730,761,818,819,822,870,901,


LG flexi;469,554,555,556,557,558,559,560,561,562,563,564,565,566,567,568,569,570,571,697,698,
LG procr;552,553,554,555,556,557,558,559,560,561,562,563,564,565,693,694,695,696,697,698,699,700,701,
LG hinge;551,553,554,555,556,557,558,561,562,563,564,565,694,695,696,697,698,699,700,701,
LG siderms;65,97,190,261,469,478,541,557,618,661,698,730,761,818,819,822,870,901,
LG sideav;55,65,97,190,261,469,478,507,541,554,555,556,557,562,615,661,698,699,704,730,761,817,818,819,822,852,870,
LG maxd;65,97,190,261,478,541,618,661,698,730,761,818,819,822,870,901,
