JON flexi;360,361,362,363,364,365,366,424,425,426,533,572,
JON procr;357,358,359,360,361,362,363,364,365,366,367,368,
JON hinge ;358,359,360,361,362,363,364,365,366,
JON siderms;83,100,110,135,199,361,362,363,364,365,387,416,424,425,498,506,533,715,767,774,949,
JON sideav ;83,100,110,135,149,159,199,361,362,363,364,365,387,416,425,506,584,810,
JON maxd;83,100,110,135,199,309,332,361,362,363,364,365,387,416,424,425,498,506,533,551,715,767,774,949,


LG flexi;280,281,282,283,284,285,286,344,345,346,453,494,
LG procr;277,278,279,280,281,282,283,284,285,286,287,288,
LG hinge;278,279,280,281,282,283,284,285,286,
LG siderms;3,20,30,55,119,281,282,283,284,285,307,336,344,345,418,426,453,637,689,696,871,
LG sideav;3,20,30,55,69,79,119,281,282,283,284,285,307,336,345,426,506,732,
LG maxd;3,20,30,55,119,229,252,281,282,283,284,285,307,336,344,345,418,426,453,473,637,689,696,871,
