JON flexi;55,56,57,58,59,60,61,62,63,70,71,83,162,163,164,165,166,255,256,257,258,259,261,262,280,281,282,389,399,400,401,402,403,404,405,1029,1073,1074,1075,1076,1077,1078,1079,1080,1081,1082,1115,
JON procr;59,74,79,80,81,82,83,84,85,86,87,151,154,155,159,160,161,162,163,164,165,166,167,168,220,221,222,223,224,225,231,232,233,235,236,237,238,252,253,254,255,265,266,276,277,278,368,369,370,385,403,404,405,406,407,408,409,503,504,505,506,1033,1069,1070,1071,1072,1073,1074,1075,1076,1077,1078,1079,1080,1081,1082,1083,1084,1119,
JON hinge ;74,80,81,85,86,87,100,104,160,164,165,166,223,231,254,255,265,266,276,403,404,405,406,407,408,409,410,1039,1040,1070,1071,1072,1079,1080,1081,
JON siderms;62,128,222,289,382,1037,1042,1075,
JON sideav ;128,289,1037,1042,1075,
JON maxd;62,128,222,289,382,468,1037,1042,1075,


LG flexi;66,67,68,69,70,71,72,73,74,81,82,94,173,174,175,176,177,266,267,268,269,270,272,273,291,292,293,400,410,411,412,413,414,415,416,1040,1084,1085,1086,1087,1088,1089,1090,1091,1092,1093,1126,
LG procr;70,85,90,91,92,93,94,95,96,97,98,162,165,166,170,171,172,173,174,175,176,177,178,179,231,232,233,234,235,236,242,243,244,246,247,248,249,263,264,265,266,276,277,287,288,289,379,380,381,396,414,415,416,417,418,419,420,514,515,516,517,1044,1080,1081,1082,1083,1084,1085,1086,1087,1088,1089,1090,1091,1092,1093,1094,1095,1130,
LG hinge;85,91,92,96,97,98,111,115,171,175,176,177,234,242,265,266,276,277,287,414,415,416,417,418,419,420,421,1050,1051,1081,1082,1083,1090,1091,1092,
LG siderms;73,139,233,300,393,1048,1053,1086,
LG sideav;139,300,1048,1053,1086,
LG maxd;73,139,233,300,393,479,1048,1053,1086,
