JON flexi;70,99,100,101,732,
JON procr;74,95,96,97,728,
JON hinge ;74,78,80,81,82,83,84,95,96,97,111,122,125,126,138,141,142,480,481,485,654,655,682,683,688,689,690,728,
JON siderms;70,99,101,128,296,354,545,560,581,652,722,852,
JON sideav ;70,99,101,128,243,296,354,560,581,652,722,852,
JON maxd;101,128,296,354,545,560,581,652,722,852,


LG flexi;113,142,143,144,775,
LG procr;117,138,139,140,771,
LG hinge;117,121,123,124,125,126,127,138,139,140,154,165,168,169,181,184,185,523,524,528,697,698,725,726,731,732,733,771,
LG siderms;113,142,144,171,339,397,588,603,624,695,765,895,
LG sideav;113,142,144,171,286,339,397,603,624,695,765,895,
LG maxd;144,171,339,397,588,603,624,695,765,895,
