JON flexi;65,66,67,68,69,70,359,360,361,362,373,434,522,523,524,525,526,527,
JON procr;63,64,65,66,67,68,69,70,71,72,356,357,358,433,434,435,523,524,525,526,527,528,529,530,531,
JON hinge ;62,63,64,65,66,67,68,69,70,71,72,356,357,358,432,433,434,531,
JON siderms;67,86,123,267,301,356,360,361,362,423,431,443,444,451,585,590,610,639,801,806,878,
JON sideav ;93,301,361,423,431,444,451,527,585,590,639,657,771,801,
JON maxd;67,86,123,267,301,356,360,361,423,431,443,444,451,585,590,610,639,801,806,878,


LG flexi;108,109,110,111,112,113,402,403,404,405,416,477,565,566,567,568,569,570,
LG procr;106,107,108,109,110,111,112,113,114,115,399,400,401,476,477,478,566,567,568,569,570,571,572,573,574,
LG hinge;105,106,107,108,109,110,111,112,113,114,115,399,400,401,475,476,477,574,
LG siderms;110,129,166,310,344,399,403,404,405,466,474,486,487,494,628,633,653,682,844,849,920,
LG sideav;136,344,404,466,474,487,494,570,628,633,682,700,814,844,
LG maxd;110,129,166,310,344,399,403,404,466,474,486,487,494,628,633,653,682,844,849,920,
