JON flexi;156,157,158,159,160,161,162,163,164,165,191,216,217,218,219,220,221,222,288,291,321,322,381,382,383,384,385,386,554,
JON procr;160,217,218,295,378,379,380,381,382,383,384,385,386,387,388,389,390,
JON hinge ;160,218,295,322,323,324,379,380,381,382,383,384,385,386,387,389,
JON siderms;156,157,158,167,208,221,288,305,321,370,383,458,498,530,
JON sideav ;156,157,167,221,288,305,321,322,327,387,465,479,539,
JON maxd;156,157,158,167,208,221,288,305,321,370,383,458,498,530,


LG flexi;11,12,13,14,15,16,17,18,19,20,46,71,72,73,74,75,76,77,143,146,176,177,236,237,238,239,240,241,409,
LG procr;15,72,73,150,233,234,235,236,237,238,239,240,241,242,243,244,245,
LG hinge;15,73,150,177,178,179,234,235,236,237,238,239,240,241,242,244,
LG siderms;11,12,13,22,63,76,143,160,176,225,238,313,353,385,
LG sideav;11,12,22,76,143,160,176,177,182,242,320,334,394,
LG maxd;11,12,13,22,63,76,143,160,176,225,238,313,353,385,
