JON flexi;125,150,280,438,439,440,441,442,443,491,492,493,494,495,496,522,587,688,689,690,691,692,693,694,740,741,763,782,783,835,965,966,967,968,999,1000,
JON procr;122,123,124,125,126,127,128,129,442,443,444,445,446,447,488,489,490,491,492,493,494,495,519,520,521,522,523,524,525,526,584,585,586,587,588,589,590,591,685,686,687,688,689,690,691,692,693,694,695,696,737,738,739,740,741,742,743,744,767,963,964,965,1000,1001,1002,1003,
JON hinge ;125,126,127,129,442,443,445,446,447,489,491,493,494,496,507,519,520,522,524,525,585,586,587,588,589,590,591,683,684,685,686,687,688,689,690,691,692,693,694,696,798,800,802,831,963,964,965,969,971,1003,1134,1135,1136,
JON siderms;102,118,127,216,264,291,328,413,454,484,491,510,528,590,600,603,608,648,677,678,679,687,692,693,741,742,743,750,770,793,831,835,844,921,932,978,979,983,1008,1014,1021,1027,1037,1040,1044,1057,1074,1084,1092,1095,1132,1137,1141,1144,1158,1165,1177,1184,1187,
JON sideav ;102,118,127,200,264,291,328,413,440,454,484,491,510,588,600,603,608,648,677,687,692,693,741,742,743,750,793,831,835,898,978,979,1008,1014,1021,1027,1040,1074,1084,1092,1095,1124,1132,1137,1141,1144,1158,1184,1187,
JON maxd;50,102,127,172,264,291,296,328,413,438,454,484,491,499,510,528,590,600,608,677,678,692,693,741,742,743,750,770,808,819,831,835,843,844,874,921,932,978,979,983,1004,1008,1014,1027,1030,1037,1040,1044,1057,1072,1074,1084,1092,1095,1132,1137,1141,1158,1165,1177,1187,


LG flexi;125,150,280,438,439,440,441,442,443,491,492,493,494,495,496,522,587,688,689,690,691,692,693,694,740,741,763,782,783,835,965,966,967,968,999,1000,
LG procr;122,123,124,125,126,127,128,129,442,443,444,445,446,447,488,489,490,491,492,493,494,495,519,520,521,522,523,524,525,526,584,585,586,587,588,589,590,591,685,686,687,688,689,690,691,692,693,694,695,696,737,738,739,740,741,742,743,744,767,963,964,965,1000,1001,1002,1003,
LG hinge;125,126,127,129,442,443,445,446,447,489,491,493,494,496,507,519,520,522,524,525,585,586,587,588,589,590,591,683,684,685,686,687,688,689,690,691,692,693,694,696,798,800,802,831,963,964,965,969,971,1003,1134,1135,1136,
LG siderms;102,118,127,216,264,291,328,413,454,484,491,510,528,590,600,603,608,648,677,678,679,687,692,693,741,742,743,750,770,793,831,835,844,921,932,978,979,983,1008,1014,1021,1027,1037,1040,1044,1057,1074,1084,1092,1095,1132,1137,1141,1144,1158,1165,1177,1184,1187,
LG sideav;102,118,127,200,264,291,328,413,440,454,484,491,510,588,600,603,608,648,677,687,692,693,741,742,743,750,793,831,835,898,978,979,1008,1014,1021,1027,1040,1074,1084,1092,1095,1124,1132,1137,1141,1144,1158,1184,1187,
LG maxd;50,102,127,172,264,291,296,328,413,438,454,484,491,499,510,528,590,600,608,677,678,692,693,741,742,743,750,770,808,819,831,835,843,844,874,921,932,978,979,983,1004,1008,1014,1027,1030,1037,1040,1044,1057,1072,1074,1084,1092,1095,1132,1137,1141,1158,1165,1177,1187,
