JON flexi;824,1436,2103,2104,2105,2106,2107,2108,2109,2110,2111,2112,2113,2114,2115,2116,
JON procr;828,2099,2100,2101,2102,2103,2104,2105,2106,2107,2108,2109,2110,2111,2112,
JON hinge ;2100,2101,2102,2103,2104,2108,2109,2110,2111,2112,
JON siderms;512,824,825,837,1027,1436,1440,1442,1561,1571,1591,2103,2112,2113,
JON sideav ;512,824,825,837,1027,1046,1436,1440,1442,1571,1591,2103,2112,2113,
JON maxd;512,538,824,825,837,1027,1033,1436,1440,1442,1561,1571,1591,


LG flexi;824,1437,2104,2105,2106,2107,2108,2109,2110,2111,2112,2113,2114,2115,2116,2117,
LG procr;828,2100,2101,2102,2103,2104,2105,2106,2107,2108,2109,2110,2111,2112,2113,
LG hinge;2101,2102,2103,2104,2105,2109,2110,2111,2112,2113,
LG siderms;512,824,825,837,1028,1437,1441,1443,1562,1572,1592,2104,2113,2114,
LG sideav;512,824,825,837,1028,1047,1437,1441,1443,1572,1592,2104,2113,2114,
LG maxd;512,538,824,825,837,1028,1034,1437,1441,1443,1562,1572,1592,
