JON flexi;68,69,70,71,200,201,
JON procr;64,65,66,67,204,205,433,434,
JON hinge ;64,65,66,67,204,338,339,342,343,344,427,432,433,434,453,
JON siderms;25,28,68,69,78,152,162,181,185,200,242,266,357,358,387,
JON sideav ;28,68,78,152,162,185,200,221,242,283,332,339,341,358,387,390,407,
JON maxd;25,28,68,69,78,81,152,162,181,185,200,242,357,358,387,


LG flexi;68,69,70,71,200,201,
LG procr;64,65,66,67,204,205,433,434,
LG hinge;64,65,66,67,204,338,339,342,343,344,427,432,433,434,453,
LG siderms;25,28,68,69,78,152,162,181,185,200,242,266,357,358,387,
LG sideav;28,68,78,152,162,185,200,221,242,283,332,339,341,358,387,390,407,
LG maxd;25,28,68,69,78,81,152,162,181,185,200,242,357,358,387,
