JON flexi;134,135,136,137,138,139,140,141,142,143,144,145,279,392,393,394,395,396,397,398,399,400,401,402,403,404,405,406,407,443,444,476,477,478,480,481,482,483,484,485,486,487,488,489,490,491,517,518,519,520,521,522,523,540,541,542,543,544,545,561,562,621,
JON procr;140,141,398,399,400,401,402,403,484,485,486,487,489,519,520,521,522,523,524,525,526,539,540,541,542,543,544,545,546,547,559,560,561,562,563,564,565,
JON hinge ;399,486,487,488,521,522,523,526,527,539,540,544,545,546,560,561,
JON siderms;263,394,402,407,476,483,493,519,536,554,604,
JON sideav ;394,402,443,493,519,536,554,591,604,
JON maxd;159,185,231,263,394,402,407,476,483,493,519,554,604,


LG flexi;109,110,111,112,113,114,115,116,117,118,119,120,254,368,369,370,371,372,373,374,375,376,377,378,379,380,381,382,383,418,419,451,452,453,455,456,457,458,459,460,461,462,463,464,465,466,492,493,494,495,496,497,498,515,516,517,518,519,520,536,537,596,
LG procr;115,116,374,375,376,377,378,379,459,460,461,462,464,494,495,496,497,498,499,500,501,514,515,516,517,518,519,520,521,522,534,535,536,537,538,539,540,
LG hinge;375,461,462,463,496,497,498,501,502,514,515,519,520,521,535,536,
LG siderms;238,370,378,383,451,458,468,494,511,529,579,
LG sideav;370,378,418,468,494,511,529,566,579,
LG maxd;134,160,206,238,370,378,383,451,458,468,494,529,579,
