JON flexi;387,388,389,390,
JON procr;384,385,386,387,388,389,390,391,392,
JON hinge ;384,385,386,387,388,389,390,391,392,
JON siderms;363,364,370,373,398,403,894,991,1037,1038,
JON sideav ;363,364,370,373,398,403,894,991,1037,1038,
JON maxd;363,364,373,398,403,894,991,1037,1038,


LG flexi;30,31,32,33,
LG procr;27,28,29,30,31,32,33,34,35,
LG hinge;27,28,29,30,31,32,33,34,35,
LG siderms;6,7,13,16,41,46,537,634,680,681,
LG sideav;6,7,13,16,41,46,537,634,680,681,
LG maxd;6,7,16,41,46,537,634,680,681,
