JON flexi;33,34,35,59,60,61,170,171,172,185,186,187,188,189,190,191,192,193,232,233,234,235,236,237,238,239,240,241,242,243,244,286,313,314,315,316,317,318,374,
JON procr;57,58,59,60,61,62,63,64,115,117,174,175,181,183,184,185,186,187,188,189,236,238,239,240,310,311,312,313,314,315,316,317,320,321,370,
JON hinge ;57,58,62,113,114,115,116,117,118,174,175,239,240,315,316,317,
JON siderms;37,59,103,124,188,240,243,244,293,360,
JON sideav ;37,59,103,124,188,240,243,244,293,323,
JON maxd;37,59,103,124,188,240,243,244,293,360,


LG flexi;33,34,35,59,60,61,170,171,172,185,186,187,188,189,190,191,192,193,232,233,234,235,236,237,238,239,240,241,242,243,244,286,313,314,315,316,317,318,374,
LG procr;57,58,59,60,61,62,63,64,115,117,174,175,181,183,184,185,186,187,188,189,236,238,239,240,310,311,312,313,314,315,316,317,320,321,370,
LG hinge;57,58,62,113,114,115,116,117,118,174,175,239,240,315,316,317,
LG siderms;37,59,103,124,188,240,243,244,293,360,
LG sideav;37,59,103,124,188,240,243,244,293,323,
LG maxd;37,59,103,124,188,240,243,244,293,360,
