JON flexi;15,25,50,51,52,53,54,55,56,57,58,59,60,61,62,63,64,65,66,67,68,69,70,71,72,73,74,75,76,77,78,79,80,113,114,115,116,117,118,137,138,451,452,485,
JON procr;50,51,52,53,54,55,56,57,58,59,63,64,65,66,67,68,70,71,72,73,74,75,117,118,119,120,
JON hinge ;24,51,53,54,55,56,57,58,59,60,64,65,66,67,68,69,72,73,74,75,117,134,
JON siderms;18,21,54,66,67,85,102,346,357,380,381,396,404,406,
JON sideav ;21,66,67,85,102,346,357,380,381,396,404,406,485,
JON maxd;18,21,54,66,85,102,346,357,380,381,396,404,406,


LG flexi;15,25,50,51,52,53,54,55,56,57,58,59,60,61,62,63,64,65,66,67,68,69,70,71,72,73,74,75,76,77,78,79,80,113,114,115,116,117,118,137,138,451,452,485,
LG procr;50,51,52,53,54,55,56,57,58,59,63,64,65,66,67,68,70,71,72,73,74,75,117,118,119,120,
LG hinge;24,51,53,54,55,56,57,58,59,60,64,65,66,67,68,69,72,73,74,75,117,134,
LG siderms;18,21,54,66,67,85,102,346,357,380,381,396,404,406,
LG sideav;21,66,67,85,102,346,357,380,381,396,404,406,485,
LG maxd;18,21,54,66,85,102,346,357,380,381,396,404,406,
