JON flexi;4,5,6,7,8,9,10,11,12,13,14,15,38,39,40,41,42,43,44,45,46,47,48,49,50,51,52,53,54,55,56,57,168,202,203,204,205,206,2142,2143,2144,2145,2146,2147,2148,2161,2162,2163,2271,2272,2273,2274,2275,2276,2277,2278,2279,2280,2281,2282,2283,2284,2285,2286,2287,2288,2771,2772,2773,2847,2848,2849,2872,2904,2905,2906,2907,2908,2956,2978,2979,3004,3005,3072,3106,3160,3161,3162,3163,3164,3165,3166,3167,3168,3169,3207,3208,3209,3210,3211,3212,3213,3214,3215,3216,3217,3218,3219,3220,3221,3222,3223,3224,3225,3226,3227,3228,3229,3409,3410,3411,3412,3413,3414,3415,3416,3417,3418,3419,3420,3421,3422,3423,3424,3425,3426,3427,3428,3429,3430,3431,3432,3433,3434,3435,3436,3437,3532,3533,3625,3626,3627,3863,3864,3876,3877,3878,3879,3880,3881,4012,4137,4138,4158,4159,4160,4161,4162,4163,4164,4193,4209,4210,4211,4212,5181,5182,5183,5207,5208,5209,5310,5311,5312,5313,5314,5315,6118,6119,6166,6167,6168,6169,6170,6171,7146,7147,7148,
JON procr;34,43,44,45,46,51,55,56,57,58,59,60,61,2139,2140,2141,2142,2143,2144,2148,2159,2269,2270,2271,2272,2273,2277,2282,2283,2769,2771,2772,2773,2774,3076,3206,3207,3209,3210,3211,3212,3214,3215,3216,3223,3224,3225,3413,3416,3417,3418,3419,3420,3421,3422,3423,3424,3426,3427,3428,3430,3431,3432,3433,3435,3436,3437,3622,3623,3862,3863,3864,3865,3866,3880,3881,3884,4074,4162,4163,4164,4193,4194,4195,5185,5211,5212,5314,5315,5316,5317,5318,6118,6192,
JON hinge ;9,30,34,45,50,51,52,53,54,58,209,210,213,417,418,419,421,423,424,1432,2138,2148,2149,2150,2151,2153,2157,2264,2273,2276,2764,2765,2766,2767,2768,2775,2824,2841,2842,2899,2900,2901,2965,3010,3027,3028,3029,3101,3204,3209,3210,3220,3222,3225,3296,3319,3420,3427,3428,3435,3436,3437,3447,3527,3529,3606,3607,3608,3609,3622,3623,3738,3857,3867,3883,3886,3894,3895,4021,4024,4074,4078,4141,4144,4164,4168,4169,4189,4193,4196,4363,5185,5188,5215,5316,5318,5319,5582,5585,5603,6113,6116,6122,6123,6125,6128,6151,6161,6162,6164,6189,6190,6191,6192,6196,6345,6368,6470,6609,6618,6619,6620,6621,7164,
JON siderms;47,423,1052,1716,2143,2262,2849,3213,3422,3427,3627,3832,3876,4232,4241,5320,6145,7430,
JON sideav ;6,8,9,11,12,13,14,15,18,19,20,23,27,29,30,31,36,38,39,41,44,47,49,57,61,166,167,203,206,207,208,265,293,308,350,410,411,413,420,423,578,579,731,732,799,1052,1068,1069,1192,1411,1425,1431,1436,1445,1449,1716,1732,1733,1757,1763,1944,1981,2139,2140,2141,2143,2146,2149,2159,2160,2162,2163,2224,2262,2269,2270,2271,2273,2277,2279,2280,2281,2283,2284,2285,2440,2511,2512,2527,2533,2641,2736,2753,2754,2755,2759,2767,2768,2771,2774,2775,2821,2822,2824,2826,2828,2844,2845,2848,2873,2902,2904,2906,2907,2908,2951,2953,2954,2956,2957,2962,2973,2975,2976,3006,3029,3072,3076,3082,3097,3105,3161,3164,3168,3169,3206,3209,3211,3212,3213,3217,3218,3223,3226,3227,3228,3229,3246,3291,3293,3294,3312,3315,3409,3410,3412,3415,3418,3419,3422,3424,3425,3427,3428,3429,3433,3436,3443,3445,3458,3459,3486,3491,3507,3511,3530,3531,3533,3549,3578,3580,3581,3605,3626,3627,3706,3708,3709,3724,3734,3775,3791,3823,3831,3832,3855,3860,3861,3863,3864,3865,3867,3876,3886,3897,4012,4017,4021,4022,4024,4075,4076,4140,4142,4154,4165,4166,4167,4171,4191,4192,4197,4198,4210,4213,4215,4222,4232,4241,4263,4266,4373,4718,5166,5184,5185,5186,5208,5209,5210,5217,5310,5311,5312,5313,5314,5315,5317,5320,5322,5398,5399,5426,5580,5584,5585,5658,5825,5956,6089,6115,6120,6121,6123,6125,6130,6132,6145,6148,6150,6164,6167,6169,6186,6188,6193,6348,6363,6364,6504,6549,6550,6605,6645,6664,6696,6728,6776,6777,6999,7049,7147,7153,7154,7177,7198,7199,7208,7430,
JON maxd;47,423,1052,1716,2143,2849,3213,3422,3427,3876,4232,4241,5320,6145,6727,


LG flexi;3,4,5,6,7,8,9,10,11,12,13,418,458,493,494,495,496,497,498,499,500,501,502,503,504,505,506,507,508,509,510,511,605,606,607,608,609,610,1587,1588,1589,1590,1591,1592,1593,1606,1607,1608,1678,1679,1680,1681,1682,1683,1684,1685,1686,1687,1688,1689,1690,1691,1692,1693,1694,1695,1865,1866,1867,1922,1923,1924,1925,1957,1958,1959,1960,1961,1987,2022,2023,2024,2025,2054,2088,2089,2090,2091,2092,2093,2094,2095,2096,2097,2098,2113,2114,2115,2116,2117,2118,2119,2120,2121,2122,2123,2124,2125,2126,2127,2128,2129,2130,2131,2132,2133,2134,2135,2343,2344,2345,2346,2347,2348,2349,2350,2351,2352,2353,2354,2355,2356,2357,2358,2359,2360,2361,2362,2363,2364,2365,2366,2367,2368,2369,2370,2371,2450,2451,2544,2545,2546,2873,2874,2912,2913,2914,2915,2916,2917,2972,3071,3072,3093,3094,3095,3096,3097,3098,3099,3128,3166,3167,3168,3169,3348,3349,3350,3372,3373,3374,3401,3402,3403,3404,3405,3406,4000,4001,4036,4037,4038,4039,4040,4041,4913,4914,4915,
LG procr;454,497,498,499,500,505,509,510,511,512,513,514,515,1584,1585,1586,1587,1588,1589,1593,1604,1676,1677,1678,1679,1680,1684,1689,1690,1863,1865,1866,1867,1868,2058,2112,2113,2115,2116,2117,2118,2120,2121,2122,2129,2130,2131,2347,2350,2351,2352,2353,2354,2355,2356,2357,2358,2360,2361,2362,2364,2365,2366,2367,2369,2370,2371,2541,2542,2872,2873,2874,2875,2876,2916,2917,2920,3025,3097,3098,3099,3128,3129,3130,3352,3376,3377,3405,3406,3407,3408,3409,4000,4050,
LG hinge;8,450,454,499,504,505,506,507,508,512,613,614,617,768,769,770,772,774,775,1246,1583,1593,1594,1595,1596,1598,1602,1671,1680,1683,1858,1859,1860,1861,1862,1869,1899,1916,1917,1952,1953,1954,2009,2030,2047,2048,2049,2083,2110,2115,2116,2126,2128,2131,2225,2247,2354,2361,2362,2369,2370,2371,2381,2445,2447,2525,2526,2527,2528,2541,2542,2753,2867,2877,2919,2922,2930,2931,2981,2984,3025,3029,3075,3078,3099,3103,3104,3124,3128,3131,3292,3352,3355,3380,3407,3409,3410,3658,3661,3679,3995,3998,4004,4005,4007,4010,4021,4031,4032,4034,4047,4048,4049,4050,4054,4305,4334,4361,4418,4427,4428,4429,4430,4931,
LG siderms;501,774,1068,1407,1588,1669,1924,2119,2356,2361,2546,2835,2912,3189,3198,3411,4015,5186,
LG sideav;5,7,8,10,11,12,13,418,421,422,423,426,447,449,450,451,456,458,493,495,498,501,503,511,515,603,604,607,610,611,612,670,671,686,688,761,762,764,771,774,848,849,987,988,989,1068,1084,1085,1149,1225,1239,1245,1250,1262,1266,1407,1409,1410,1447,1449,1520,1521,1584,1585,1586,1588,1591,1594,1604,1605,1607,1608,1615,1669,1676,1677,1678,1680,1684,1686,1687,1688,1690,1691,1692,1738,1741,1742,1757,1759,1829,1831,1848,1849,1850,1853,1861,1862,1865,1868,1869,1896,1897,1899,1901,1903,1919,1920,1923,1926,1955,1957,1959,1960,1961,1982,1984,1985,1987,2001,2006,2017,2019,2020,2026,2049,2054,2058,2064,2079,2087,2090,2093,2097,2098,2112,2115,2117,2118,2119,2123,2124,2129,2132,2133,2134,2135,2154,2213,2222,2223,2241,2243,2343,2344,2346,2349,2352,2353,2356,2358,2359,2361,2362,2363,2367,2370,2377,2379,2392,2393,2396,2401,2417,2429,2448,2449,2451,2474,2516,2518,2519,2524,2545,2546,2729,2731,2732,2747,2749,2797,2798,2826,2834,2835,2865,2870,2871,2873,2874,2875,2877,2912,2922,2933,2972,2977,2981,2982,2984,3026,3027,3074,3076,3088,3100,3101,3102,3106,3126,3127,3132,3133,3167,3170,3172,3179,3189,3198,3230,3250,3302,3304,3322,3351,3352,3353,3373,3374,3375,3382,3401,3402,3403,3404,3405,3406,3408,3411,3413,3534,3535,3575,3656,3660,3661,3711,3780,3860,3971,3997,4002,4003,4005,4007,4012,4014,4015,4018,4020,4034,4037,4039,4044,4046,4051,4308,4329,4330,4380,4412,4413,4414,4462,4463,4580,4612,4614,4615,4813,4853,4914,4920,4921,4944,5006,5007,5009,5186,
LG maxd;501,774,1068,1407,1588,1924,2119,2356,2361,2912,3189,3198,3411,4015,4611,
