JON flexi;1,2,3,4,5,42,48,49,67,68,69,102,103,104,126,127,128,129,130,131,132,133,134,157,158,159,160,175,176,177,305,306,307,308,336,337,338,339,340,387,388,395,396,397,421,422,423,441,
JON procr;6,7,52,67,68,69,70,71,79,80,81,82,83,154,155,156,157,158,159,160,161,162,163,164,173,174,175,176,177,178,179,180,181,302,303,304,305,306,307,308,309,337,338,339,340,341,342,399,418,419,420,421,424,425,
JON hinge ;5,6,7,52,68,69,79,80,81,82,155,156,157,158,159,160,161,162,163,164,174,175,176,179,245,246,247,302,306,334,341,342,343,344,399,422,423,424,
JON siderms;23,55,155,200,207,211,213,223,274,315,341,423,485,
JON sideav ;18,55,84,155,174,176,211,223,274,306,315,341,
JON maxd;23,55,155,200,207,211,213,223,274,315,341,423,485,


LG flexi;1,2,3,4,5,42,48,49,67,68,69,102,103,104,126,127,128,129,130,131,132,133,134,157,158,159,160,175,176,177,305,306,307,308,336,337,338,339,340,387,388,395,396,397,421,422,423,441,
LG procr;6,7,52,67,68,69,70,71,79,80,81,82,83,154,155,156,157,158,159,160,161,162,163,164,173,174,175,176,177,178,179,180,181,302,303,304,305,306,307,308,309,337,338,339,340,341,342,399,418,419,420,421,424,425,
LG hinge;5,6,7,52,68,69,79,80,81,82,155,156,157,158,159,160,161,162,163,164,174,175,176,179,245,246,247,302,306,334,341,342,343,344,399,422,423,424,
LG siderms;23,55,155,200,207,211,213,223,274,315,341,423,485,
LG sideav;18,55,84,155,174,176,211,223,274,306,315,341,
LG maxd;23,55,155,200,207,211,213,223,274,315,341,423,485,
