JON flexi;49,50,51,52,53,54,
JON procr;53,54,55,56,57,58,69,70,71,132,133,136,137,
JON hinge ;53,54,55,56,57,58,65,66,68,69,70,71,72,73,131,132,133,136,137,
JON siderms;53,55,70,76,139,146,183,191,231,234,239,270,300,313,450,506,546,569,714,787,
JON sideav ;49,53,54,55,76,139,231,234,239,270,300,450,506,546,569,714,787,
JON maxd;53,55,70,76,139,146,183,191,209,231,234,239,270,300,313,450,506,546,569,714,787,


LG flexi;132,133,134,135,136,137,
LG procr;136,137,138,139,140,141,152,153,154,215,216,219,220,
LG hinge;136,137,138,139,140,141,148,149,151,152,153,154,155,156,214,215,216,219,220,
LG siderms;136,138,153,159,222,229,266,274,314,317,322,353,383,396,533,589,629,652,759,832,
LG sideav;132,136,137,138,159,222,314,317,322,353,383,533,589,629,652,759,832,
LG maxd;136,138,153,159,222,229,266,274,292,314,317,322,353,383,396,533,589,629,652,759,832,
