JON flexi;71,72,73,74,75,76,77,78,79,80,81,82,83,84,85,86,87,88,89,90,91,92,93,94,95,96,97,98,99,100,101,114,115,116,117,118,119,120,121,131,132,133,134,171,203,204,205,239,240,330,331,355,356,367,368,382,383,384,385,
JON procr;71,72,73,74,75,76,77,78,79,80,81,82,83,89,90,91,92,93,94,95,96,97,111,112,113,114,115,116,117,118,119,120,381,
JON hinge ;76,77,78,79,80,89,90,91,92,112,113,114,115,116,117,118,119,120,
JON siderms;84,182,257,350,371,378,
JON sideav ;84,93,257,351,371,378,
JON maxd;84,182,257,350,371,378,


LG flexi;71,72,73,74,75,76,77,78,79,80,81,82,83,84,85,86,87,88,89,90,91,92,93,94,95,96,97,98,99,100,101,114,115,116,117,118,119,120,121,131,132,133,134,171,203,204,205,239,240,330,331,355,356,367,368,382,383,384,385,
LG procr;71,72,73,74,75,76,77,78,79,80,81,82,83,89,90,91,92,93,94,95,96,97,111,112,113,114,115,116,117,118,119,120,381,
LG hinge;76,77,78,79,80,89,90,91,92,112,113,114,115,116,117,118,119,120,
LG siderms;84,182,257,350,371,378,
LG sideav;84,93,257,351,371,378,
LG maxd;84,182,257,350,371,378,
