JON flexi;109,210,211,482,525,526,527,528,598,599,600,601,617,618,619,620,621,622,623,624,625,626,627,628,629,640,641,642,643,644,645,646,647,648,649,696,697,698,699,700,701,702,708,709,710,
JON procr;112,206,207,482,483,484,524,602,603,604,619,620,621,622,623,624,625,626,627,628,629,630,631,637,638,639,640,641,642,643,647,648,649,650,651,652,694,695,696,697,
JON hinge ;106,107,109,111,112,207,343,479,480,505,522,523,524,573,602,603,621,622,623,624,627,628,629,637,638,639,640,641,642,643,644,647,648,649,650,651,652,
JON siderms;79,97,264,265,271,343,344,502,524,528,640,647,
JON sideav ;79,97,264,265,271,343,344,524,526,528,712,
JON maxd;79,97,264,265,271,343,344,502,524,528,640,647,


LG flexi;110,211,212,483,526,527,528,529,599,600,601,602,618,619,620,621,622,623,624,625,626,627,628,629,630,641,642,643,644,645,646,647,648,649,650,697,698,699,700,701,702,703,709,710,711,
LG procr;113,207,208,483,484,485,525,603,604,605,620,621,622,623,624,625,626,627,628,629,630,631,632,638,639,640,641,642,643,644,648,649,650,651,652,653,695,696,697,698,
LG hinge;107,108,110,112,113,208,344,480,481,506,523,524,525,574,603,604,622,623,624,625,628,629,630,638,639,640,641,642,643,644,645,648,649,650,651,652,653,
LG siderms;80,98,265,266,272,344,345,503,525,529,641,648,
LG sideav;80,98,265,266,272,344,345,525,527,529,713,
LG maxd;80,98,265,266,272,344,345,503,525,529,641,648,
