JON flexi;929,1032,1033,1034,1035,1160,1201,1202,1262,1263,1264,
JON procr;1029,1030,1031,1032,1033,1034,1035,1036,1037,1156,
JON hinge ;1029,1030,1032,1033,1034,1035,1036,1037,1038,1223,
JON siderms;950,956,957,1033,1058,1136,1203,1225,1226,1247,1277,1279,1301,1500,1517,1673,
JON sideav ;950,956,957,1032,1033,1058,1136,1203,1225,1226,1247,1277,1500,1517,1673,
JON maxd;950,956,1033,1058,1129,1136,1203,1225,1226,1247,1277,1279,1301,1500,1517,1673,


LG flexi;1005,1108,1109,1110,1111,1236,1277,1278,1338,1339,1340,
LG procr;1105,1106,1107,1108,1109,1110,1111,1112,1113,1232,
LG hinge;1105,1106,1108,1109,1110,1111,1112,1113,1114,1299,
LG siderms;1026,1032,1033,1109,1134,1212,1279,1301,1302,1323,1353,1355,1377,1576,1593,1749,
LG sideav;1026,1032,1033,1108,1109,1134,1212,1279,1301,1302,1323,1353,1576,1593,1749,
LG maxd;1026,1032,1109,1134,1205,1212,1279,1301,1302,1323,1353,1355,1377,1576,1593,1749,
