JON flexi;7,8,9,10,11,12,13,14,15,16,17,18,19,20,21,22,23,24,28,48,49,50,71,72,73,93,94,95,96,97,98,99,100,101,102,103,104,105,106,154,232,233,291,664,665,666,667,668,697,702,703,704,705,706,707,708,709,710,711,712,817,
JON procr;20,46,93,94,95,96,97,98,99,104,105,106,107,108,661,662,663,664,665,666,667,668,669,670,
JON hinge ;40,46,97,98,99,101,106,210,211,278,661,663,664,665,666,667,668,669,671,672,707,708,
JON siderms;20,59,74,200,211,215,266,526,535,545,572,664,703,712,734,777,
JON sideav ;20,59,211,215,266,587,664,666,703,755,777,
JON maxd;20,59,74,200,211,215,266,526,535,545,572,664,703,712,734,777,


LG flexi;7,8,9,10,11,12,13,14,15,16,17,18,19,20,21,22,23,24,28,48,49,50,71,72,73,93,94,95,96,97,98,99,100,101,102,103,104,105,106,154,232,233,291,664,665,666,667,668,697,702,703,704,705,706,707,708,709,710,711,712,817,
LG procr;20,46,93,94,95,96,97,98,99,104,105,106,107,108,661,662,663,664,665,666,667,668,669,670,
LG hinge;40,46,97,98,99,101,106,210,211,278,661,663,664,665,666,667,668,669,671,672,707,708,
LG siderms;20,59,74,200,211,215,266,526,535,545,572,664,703,712,734,777,
LG sideav;20,59,211,215,266,587,664,666,703,755,777,
LG maxd;20,59,74,200,211,215,266,526,535,545,572,664,703,712,734,777,
