JON flexi;15,16,17,18,19,20,21,22,23,24,25,26,27,28,44,45,46,47,48,109,184,185,189,190,191,424,425,426,427,428,429,430,431,432,433,434,435,436,437,438,439,440,441,442,443,444,445,564,565,566,567,568,569,570,
JON procr;19,20,21,22,23,24,25,26,29,30,31,40,41,42,43,44,45,46,47,48,49,50,51,105,106,107,108,109,110,111,112,133,134,181,193,194,195,424,425,426,427,428,429,430,431,432,434,435,436,437,438,439,440,441,568,569,570,571,
JON hinge ;19,20,21,22,23,24,25,26,40,41,42,43,46,47,48,193,194,426,427,428,429,430,431,432,434,435,436,437,438,439,440,441,568,569,570,571,572,574,
JON siderms;180,211,220,270,357,364,419,443,712,720,842,918,933,973,1003,
JON sideav ;15,16,131,194,270,357,358,360,364,419,443,720,918,930,933,973,1003,
JON maxd;142,180,211,220,270,354,357,364,419,443,712,720,783,842,918,933,973,1003,


LG flexi;4,5,6,7,8,9,10,11,12,13,14,15,16,17,33,34,35,36,37,98,173,174,178,179,180,413,414,415,416,417,418,419,420,421,422,423,424,425,426,427,428,429,430,431,432,433,434,553,554,555,556,557,558,559,
LG procr;8,9,10,11,12,13,14,15,18,19,20,29,30,31,32,33,34,35,36,37,38,39,40,94,95,96,97,98,99,100,101,122,123,170,182,183,184,413,414,415,416,417,418,419,420,421,423,424,425,426,427,428,429,430,557,558,559,560,
LG hinge;8,9,10,11,12,13,14,15,29,30,31,32,35,36,37,182,183,415,416,417,418,419,420,421,423,424,425,426,427,428,429,430,557,558,559,560,561,563,
LG siderms;169,200,209,259,346,353,408,432,701,709,831,907,922,962,992,
LG sideav;4,5,120,183,259,346,347,349,353,408,432,709,907,919,922,962,992,
LG maxd;131,169,200,209,259,343,346,353,408,432,701,709,772,831,907,922,962,992,
