JON flexi;1358,1484,1631,1681,1682,1683,1809,1810,1811,1812,1813,1814,1815,1816,1817,1818,1894,1895,2006,2007,2008,
JON procr;1362,1481,1482,1483,1484,1485,1486,1487,1488,1627,1685,1696,1697,1698,1699,1700,1813,1814,1815,1816,1817,1818,1819,1820,1821,1822,2003,2004,
JON hinge ;1481,1485,1486,1507,1508,1509,1514,1604,1685,1686,1696,1697,1698,1699,1701,1702,1703,1712,1713,1761,1770,1813,1814,1815,1817,1818,1819,1821,1889,1973,1974,
JON siderms;1358,1448,1545,1592,1604,1630,1649,1660,1702,1710,1713,1793,1796,1816,1818,1931,1943,1948,1990,1991,1999,2002,2006,
JON sideav ;1358,1448,1604,1630,1649,1660,1702,1710,1713,1793,1796,1816,1818,1931,1943,1948,1990,1999,2002,2006,
JON maxd;1358,1448,1545,1592,1604,1630,1649,1660,1702,1710,1713,1792,1793,1796,1816,1818,1833,1943,1948,1990,1991,1999,2002,2006,


LG flexi;57,183,330,380,381,382,508,509,510,511,512,513,514,515,516,517,593,594,705,706,707,
LG procr;61,180,181,182,183,184,185,186,187,326,384,395,396,397,398,399,512,513,514,515,516,517,518,519,520,521,702,703,
LG hinge;180,184,185,206,207,208,213,303,384,385,395,396,397,398,400,401,402,411,412,460,469,512,513,514,516,517,518,520,588,672,673,
LG siderms;57,147,244,291,303,329,348,359,401,409,412,492,495,515,517,630,642,647,689,690,698,701,705,
LG sideav;57,147,303,329,348,359,401,409,412,492,495,515,517,630,642,647,689,698,701,705,
LG maxd;57,147,244,291,303,329,348,359,401,409,412,491,492,495,515,517,532,642,647,689,690,698,701,705,
