JON flexi;45,46,70,71,72,73,74,75,76,77,78,79,80,81,82,83,108,109,110,111,112,113,134,180,181,182,183,190,207,208,209,210,211,356,357,499,500,501,502,503,504,522,523,524,525,526,527,528,529,530,531,532,533,534,535,536,537,572,573,574,575,576,577,578,579,580,581,582,623,624,634,635,636,637,638,639,640,641,642,643,644,665,666,667,668,669,670,671,672,673,674,675,676,677,678,679,680,681,682,683,705,706,707,708,743,744,745,746,747,748,749,750,751,770,771,772,773,774,775,776,777,778,779,780,791,792,810,811,812,813,814,815,816,817,818,819,820,821,822,823,824,829,830,831,841,842,843,844,845,846,847,848,849,850,851,863,864,881,882,883,884,885,886,887,888,889,890,
JON procr;49,67,68,69,70,71,72,73,74,179,204,205,206,207,208,209,210,211,212,213,214,353,521,522,523,524,525,526,531,534,584,631,632,633,634,635,636,637,638,639,640,641,642,643,644,645,669,670,671,672,673,674,675,676,677,678,709,710,747,780,781,833,842,849,
JON hinge ;69,73,74,204,205,206,207,208,209,210,211,212,213,523,524,525,584,632,636,637,638,642,643,667,668,669,671,672,673,674,676,677,709,
JON siderms;226,323,349,556,576,710,772,780,781,812,814,
JON sideav ;226,323,556,576,635,710,781,
JON maxd;226,323,349,556,576,710,772,780,781,812,814,


LG flexi;45,46,70,71,72,73,74,75,76,77,78,79,80,81,82,83,108,109,110,111,112,113,134,180,181,182,183,190,207,208,209,210,211,356,357,499,500,501,502,503,504,522,523,524,525,526,527,528,529,530,531,532,533,534,535,536,537,572,573,574,575,576,577,578,579,580,581,582,623,624,634,635,636,637,638,639,640,641,642,643,644,665,666,667,668,669,670,671,672,673,674,675,676,677,678,679,680,681,682,683,705,706,707,708,743,744,745,746,747,748,749,750,751,770,771,772,773,774,775,776,777,778,779,780,791,792,810,811,812,813,814,815,816,817,818,819,820,821,822,823,824,829,830,831,841,842,843,844,845,846,847,848,849,850,851,863,864,881,882,883,884,885,886,887,888,889,890,
LG procr;49,67,68,69,70,71,72,73,74,179,204,205,206,207,208,209,210,211,212,213,214,353,521,522,523,524,525,526,531,534,584,631,632,633,634,635,636,637,638,639,640,641,642,643,644,645,669,670,671,672,673,674,675,676,677,678,709,710,747,780,781,833,842,849,
LG hinge;69,73,74,204,205,206,207,208,209,210,211,212,213,523,524,525,584,632,636,637,638,642,643,667,668,669,671,672,673,674,676,677,709,
LG siderms;226,323,349,556,576,710,772,780,781,812,814,
LG sideav;226,323,556,576,635,710,781,
LG maxd;226,323,349,556,576,710,772,780,781,812,814,
