JON flexi;162,163,164,254,255,256,257,258,259,260,261,262,263,289,310,311,312,313,314,341,342,343,344,345,346,405,406,
JON procr;251,252,253,254,255,256,257,258,261,262,263,290,291,308,309,310,311,312,313,314,315,316,317,342,
JON hinge ;261,291,308,309,310,311,312,314,315,316,317,337,
JON siderms;165,199,208,218,314,342,366,406,412,
JON sideav ;165,199,313,314,366,406,412,
JON maxd;165,199,208,218,314,342,366,406,412,


LG flexi;10,11,12,102,103,104,105,106,107,108,109,110,111,137,158,159,160,161,162,189,190,191,192,193,194,253,254,
LG procr;99,100,101,102,103,104,105,106,109,110,111,138,139,156,157,158,159,160,161,162,163,164,165,190,
LG hinge;109,139,156,157,158,159,160,162,163,164,165,185,
LG siderms;13,47,56,66,162,190,214,254,260,
LG sideav;13,47,161,162,214,254,260,
LG maxd;13,47,56,66,162,190,214,254,260,
