JON flexi;207,379,380,381,401,424,425,427,428,
JON procr;203,383,384,397,398,399,400,401,402,403,404,405,420,421,431,
JON hinge ;373,383,384,401,403,420,421,431,
JON siderms;59,70,94,109,113,115,181,186,355,367,381,401,424,425,
JON sideav ;59,70,79,115,116,144,156,353,380,401,425,427,471,
JON maxd;59,70,94,109,113,115,181,186,355,367,381,401,425,


LG flexi;207,379,380,381,401,424,425,435,436,
LG procr;203,383,384,397,398,399,400,401,402,403,404,405,420,421,439,
LG hinge;373,383,384,401,403,420,421,439,
LG siderms;59,70,94,109,113,115,181,186,355,367,381,401,424,425,
LG sideav;59,70,79,115,116,144,156,353,380,401,425,435,479,
LG maxd;59,70,94,109,113,115,181,186,355,367,381,401,425,
