JON flexi;183,184,185,186,201,202,203,204,205,206,207,208,209,210,211,212,213,214,215,216,217,218,219,398,399,400,401,402,403,404,405,406,407,408,409,410,411,445,446,642,643,
JON procr;189,190,205,206,207,208,210,211,213,214,215,402,403,404,408,409,410,411,412,413,414,415,430,431,432,442,646,647,
JON hinge ;187,188,189,190,205,206,210,214,215,385,386,410,411,412,431,432,442,646,647,
JON siderms;183,192,201,210,219,260,313,317,347,360,381,442,444,483,485,614,643,650,663,678,
JON sideav ;192,201,210,219,260,317,368,381,408,442,444,472,483,485,487,643,662,663,678,
JON maxd;183,192,201,210,219,260,313,317,347,360,381,437,442,444,483,485,650,663,678,


LG flexi;1,2,3,4,19,20,21,22,23,24,25,26,27,28,29,30,31,32,33,34,35,36,37,249,250,251,252,253,254,255,256,257,258,259,260,261,262,296,297,493,494,
LG procr;7,8,23,24,25,26,28,29,31,32,33,253,254,255,259,260,261,262,263,264,265,266,281,282,283,293,497,498,
LG hinge;5,6,7,8,23,24,28,32,33,236,237,261,262,263,282,283,293,497,498,
LG siderms;1,10,19,28,37,78,131,135,165,178,232,293,295,334,336,465,494,501,514,529,
LG sideav;10,19,28,37,78,135,186,232,259,293,295,323,334,336,338,494,513,514,529,
LG maxd;1,10,19,28,37,78,131,135,165,178,232,288,293,295,334,336,501,514,529,
