JON flexi;343,344,345,346,347,348,442,443,444,445,446,447,448,449,450,451,452,453,454,455,456,457,458,459,460,461,462,463,628,629,630,631,632,633,634,635,636,1078,1079,1080,1081,1082,
JON procr;339,340,341,342,343,344,446,447,448,449,450,451,452,453,454,455,456,457,458,459,632,1074,1075,1076,1077,1078,
JON hinge ;339,341,342,343,344,446,447,448,449,450,451,455,456,457,458,459,632,980,981,
JON siderms;41,204,220,342,343,344,346,347,348,403,423,442,454,458,478,486,527,655,695,783,842,907,932,981,982,983,986,987,1018,1059,1078,1081,1100,1139,1218,1229,1333,1434,1548,1624,1625,
JON sideav ;343,344,346,347,410,442,443,444,445,446,447,448,449,450,452,454,458,459,460,461,462,463,628,629,630,631,632,633,634,635,655,932,986,1078,1625,
JON maxd;41,204,220,343,344,346,347,403,442,454,458,478,527,655,695,783,842,896,907,932,981,982,983,986,987,1018,1059,1078,1100,1139,1218,1333,1434,1548,1551,1622,1624,1625,


LG flexi;343,344,345,346,347,348,456,457,458,459,460,461,462,463,464,465,466,467,468,469,470,471,472,473,474,475,476,477,627,628,629,630,631,632,633,634,635,1078,1079,1080,1081,1082,
LG procr;339,340,341,342,343,344,460,461,462,463,464,465,466,467,468,469,470,471,472,473,631,1074,1075,1076,1077,1078,
LG hinge;339,341,342,343,344,460,461,462,463,464,465,469,470,471,472,473,631,980,981,
LG siderms;41,204,220,342,343,344,346,347,348,403,423,456,468,472,478,486,527,655,695,783,842,907,932,981,982,983,986,987,1018,1059,1078,1081,1100,1139,1218,1229,1333,1434,1548,1624,1625,
LG sideav;343,344,346,347,410,456,457,458,459,460,461,462,463,464,466,468,472,473,474,475,476,477,627,628,629,630,631,632,633,634,655,932,986,1078,1625,
LG maxd;41,204,220,343,344,346,347,403,456,468,472,478,527,655,695,783,842,896,907,932,981,982,983,986,987,1018,1059,1078,1100,1139,1218,1333,1434,1548,1551,1622,1624,1625,
