JON flexi;40,41,150,151,213,214,313,314,315,316,317,318,319,320,321,322,323,324,335,336,337,338,339,340,341,342,343,344,345,
JON procr;147,148,149,150,151,152,153,154,213,214,215,310,311,312,313,314,315,316,317,318,319,320,321,322,323,335,336,337,338,
JON hinge ;149,153,154,214,215,310,311,312,313,314,315,316,317,318,319,336,337,338,
JON siderms;120,151,220,319,327,
JON sideav ;108,120,151,220,319,327,
JON maxd;120,151,220,319,327,


LG flexi;40,41,150,151,213,214,313,314,315,316,317,318,319,320,321,322,323,324,335,336,337,338,339,340,341,342,343,344,345,
LG procr;147,148,149,150,151,152,153,154,213,214,215,310,311,312,313,314,315,316,317,318,319,320,321,322,323,335,336,337,338,
LG hinge;149,153,154,214,215,310,311,312,313,314,315,316,317,318,319,336,337,338,
LG siderms;120,151,220,319,327,
LG sideav;108,120,151,220,319,327,
LG maxd;120,151,220,319,327,
