JON flexi;83,175,176,177,178,179,180,181,185,186,187,188,189,190,191,192,
JON procr;81,82,83,84,130,173,174,175,176,190,191,192,193,194,
JON hinge ;82,83,84,174,175,176,177,192,193,
JON siderms;73,130,170,177,
JON sideav ;87,158,170,176,177,
JON maxd;73,130,170,177,


LG flexi;83,175,176,177,178,179,180,181,185,186,187,188,189,190,191,192,
LG procr;81,82,83,84,130,173,174,175,176,190,191,192,193,194,
LG hinge;82,83,84,174,175,176,177,192,193,
LG siderms;73,130,170,177,
LG sideav;87,158,170,176,177,
LG maxd;73,130,170,177,
