JON flexi;53,507,508,509,510,511,512,513,514,515,516,517,518,519,520,521,522,523,609,610,677,1229,1230,1231,1270,1271,1272,1273,1274,1275,1276,1277,1278,1279,1280,1281,1282,
JON procr;49,50,51,52,53,54,55,56,57,138,144,145,146,147,511,512,513,515,516,517,518,519,613,614,673,1215,1218,1226,1227,1274,1275,1276,1277,1278,
JON hinge ;47,48,49,50,51,52,55,56,57,58,89,93,94,140,141,145,146,147,148,613,1278,
JON siderms;53,55,124,141,415,426,441,456,513,609,1274,
JON sideav ;55,141,415,426,456,609,
JON maxd;53,55,124,141,415,426,441,456,513,1274,


LG flexi;53,517,518,519,520,521,522,523,524,525,526,527,528,529,530,531,532,533,618,619,686,1236,1237,1238,1277,1278,1279,1280,1281,1282,1283,1284,1285,1286,1287,1288,1289,
LG procr;49,50,51,52,53,54,55,56,57,138,144,145,146,147,521,522,523,525,526,527,528,529,622,623,682,1222,1225,1233,1234,1281,1282,1283,1284,1285,
LG hinge;47,48,49,50,51,52,55,56,57,58,89,93,94,140,141,145,146,147,148,622,1285,
LG siderms;53,55,124,141,425,436,451,466,523,618,1281,
LG sideav;55,141,425,436,466,618,
LG maxd;53,55,124,141,425,436,451,466,523,1281,
