JON flexi;30,31,32,33,34,35,36,37,38,39,40,41,42,43,44,50,51,52,53,54,55,82,108,109,110,111,112,113,114,115,116,117,118,119,120,121,297,318,447,448,449,450,451,452,453,454,455,456,
JON procr;34,35,36,37,38,39,40,54,55,56,57,58,59,64,65,66,67,70,79,80,81,82,83,84,85,92,93,94,95,96,97,104,105,106,107,108,109,110,111,112,113,114,115,116,117,296,297,298,314,451,452,522,523,524,541,542,543,544,
JON hinge ;36,37,40,80,81,95,111,112,113,114,115,116,117,451,
JON siderms;43,72,282,318,364,447,500,538,548,
JON sideav ;43,72,270,282,318,364,447,500,548,
JON maxd;43,72,282,318,364,447,500,538,548,


LG flexi;17,18,19,20,21,22,23,24,25,26,27,28,29,30,31,37,38,39,40,41,42,69,95,96,97,98,99,100,101,102,103,104,105,106,107,108,362,383,724,725,726,727,728,729,730,731,732,733,
LG procr;21,22,23,24,25,26,27,41,42,43,44,45,46,51,52,53,54,57,66,67,68,69,70,71,72,79,80,81,82,83,84,91,92,93,94,95,96,97,98,99,100,101,102,103,104,361,362,363,379,728,729,834,835,836,853,854,855,856,
LG hinge;23,24,27,67,68,82,98,99,100,101,102,103,104,728,
LG siderms;30,59,347,383,429,724,812,850,860,
LG sideav;30,59,335,347,383,429,724,812,860,
LG maxd;30,59,347,383,429,724,812,850,860,
