JON flexi;1655,1656,1657,1676,1677,1678,1679,1680,1681,1682,1683,1684,1685,1686,2224,2225,2226,2251,
JON procr;833,834,835,836,837,838,839,1650,1651,1652,1653,1680,1681,1682,2219,2220,2221,2222,2247,2365,2366,2367,2374,2375,
JON hinge ;836,837,1651,1652,1653,1680,1681,1682,2075,2189,2220,2221,2222,2365,2366,2367,2374,2375,2376,2552,2553,2554,2555,2557,2558,2559,2560,2579,2591,2592,2593,
JON siderms;524,572,593,597,729,835,837,839,856,958,1061,1130,1173,1242,1263,1290,1342,1407,1654,1655,1656,1657,1676,1677,1678,1683,1684,1685,1686,1849,1872,1901,1922,1997,2075,2159,2225,2226,2251,2407,2472,2476,2488,2532,2547,2559,2567,2581,2585,2592,
JON sideav ;524,572,729,835,837,839,856,958,1061,1173,1242,1290,1342,1405,1407,1581,1654,1655,1656,1657,1676,1677,1678,1679,1681,1683,1684,1685,1686,1849,1872,1997,2075,2092,2159,2225,2226,2251,2407,2472,2483,2532,2547,2581,2592,
JON maxd;524,572,593,597,720,724,729,835,839,856,958,1061,1130,1173,1242,1263,1278,1290,1342,1407,1496,1654,1655,1656,1676,1677,1678,1683,1684,1685,1686,1847,1849,1872,1901,1922,1997,2067,2075,2083,2102,2129,2142,2159,2225,2226,2251,2291,2407,2463,2472,2476,2488,2532,2547,2559,2567,2576,2581,2585,2592,


LG flexi;1184,1185,1186,1205,1206,1207,1208,1209,1210,1211,1212,1213,1214,1215,1753,1754,1755,1780,
LG procr;362,363,364,365,366,367,368,1179,1180,1181,1182,1209,1210,1211,1748,1749,1750,1751,1776,1894,1895,1896,1903,1904,
LG hinge;365,366,1180,1181,1182,1209,1210,1211,1604,1718,1749,1750,1751,1894,1895,1896,1903,1904,1905,2081,2082,2083,2084,2086,2087,2088,2089,2108,2120,2121,2122,
LG siderms;53,101,122,126,258,364,366,368,385,487,590,659,702,771,792,819,871,936,1183,1184,1185,1186,1205,1206,1207,1212,1213,1214,1215,1378,1401,1430,1451,1526,1604,1688,1754,1755,1780,1936,2001,2005,2017,2061,2076,2088,2096,2110,2114,2121,
LG sideav;53,101,258,364,366,368,385,487,590,702,771,819,871,934,936,1110,1183,1184,1185,1186,1205,1206,1207,1208,1210,1212,1213,1214,1215,1378,1401,1526,1604,1621,1688,1754,1755,1780,1936,2001,2012,2061,2076,2110,2121,
LG maxd;53,101,122,126,249,253,258,364,368,385,487,590,659,702,771,792,807,819,871,936,1025,1183,1184,1185,1205,1206,1207,1212,1213,1214,1215,1376,1378,1401,1430,1451,1526,1596,1604,1612,1631,1658,1671,1688,1754,1755,1780,1820,1936,1992,2001,2005,2017,2061,2076,2088,2096,2105,2110,2114,2121,
