JON flexi;340,350,373,374,375,376,410,411,412,413,414,435,436,502,503,504,505,506,507,508,509,519,520,521,522,523,524,639,640,662,
JON procr;237,238,239,240,241,344,369,370,371,372,414,415,416,417,431,432,507,508,509,510,511,512,515,516,517,518,519,520,643,
JON hinge ;367,371,372,414,432,506,507,508,509,510,511,512,513,516,517,518,519,520,
JON siderms;217,252,367,375,385,410,411,503,552,556,561,562,629,669,736,738,750,753,
JON sideav ;367,375,385,410,411,503,552,561,562,629,640,660,736,738,750,753,
JON maxd;100,184,188,217,233,367,411,432,503,552,556,561,562,629,640,669,712,738,747,750,753,


LG flexi;302,312,335,336,337,338,372,373,374,375,376,397,398,529,530,531,532,533,534,535,536,546,547,548,549,550,551,769,770,792,
LG procr;199,200,201,202,203,306,331,332,333,334,376,377,378,379,393,394,534,535,536,537,538,539,542,543,544,545,546,547,773,
LG hinge;329,333,334,376,394,533,534,535,536,537,538,539,540,543,544,545,546,547,
LG siderms;179,214,329,337,347,372,373,530,630,634,639,640,759,799,945,947,959,962,
LG sideav;329,337,347,372,373,530,630,639,640,759,770,790,945,947,959,962,
LG maxd;62,146,150,179,195,329,373,394,530,630,634,639,640,759,770,799,842,947,956,959,962,
