JON flexi;46,47,48,49,50,51,52,53,54,55,84,85,165,166,167,168,169,170,171,172,173,174,241,
JON procr;44,45,46,47,48,49,50,51,81,169,237,
JON hinge ;44,45,47,48,49,51,65,67,75,76,80,81,169,236,237,
JON siderms;10,11,35,48,184,352,
JON sideav ;6,25,46,48,49,52,63,64,72,84,166,167,174,175,186,232,235,236,239,240,241,297,
JON maxd;10,35,48,184,


LG flexi;127,128,129,130,131,132,133,134,135,136,342,343,471,472,473,474,475,476,477,478,479,482,575,
LG procr;125,126,127,128,129,130,131,132,339,475,571,
LG hinge;125,126,128,129,130,132,323,325,333,334,338,339,475,570,571,
LG siderms;26,27,116,129,492,923,
LG sideav;22,106,127,129,130,133,321,322,330,342,472,473,482,483,494,566,569,570,573,574,575,868,
LG maxd;26,116,129,492,
