JON flexi;176,177,349,350,351,352,353,354,355,356,357,358,372,373,374,464,465,466,467,468,469,470,480,481,482,483,484,485,486,487,
JON procr;180,181,353,354,355,356,357,358,359,361,362,370,468,469,470,471,472,473,474,477,478,479,480,481,482,483,
JON hinge ;180,181,468,470,478,479,480,481,482,483,
JON siderms;200,208,471,
JON sideav ;200,208,471,475,
JON maxd;200,471,


LG flexi;176,177,349,350,351,352,353,354,355,356,357,358,372,373,374,464,465,466,467,468,469,470,480,481,482,483,484,485,486,487,
LG procr;180,181,353,354,355,356,357,358,359,361,362,370,468,469,470,471,472,473,474,477,478,479,480,481,482,483,
LG hinge;180,181,468,470,478,479,480,481,482,483,
LG siderms;200,208,471,
LG sideav;200,208,471,475,
LG maxd;200,471,
