JON flexi;315,316,317,318,319,320,321,322,323,
JON procr;311,312,313,314,315,316,317,318,319,
JON hinge ;312,313,314,315,316,317,318,319,
JON siderms;105,106,137,227,311,313,314,315,316,317,322,
JON sideav ;108,139,157,314,316,321,322,
JON maxd;99,105,137,227,314,315,316,317,322,


LG flexi;279,280,281,282,283,284,285,286,287,
LG procr;275,276,277,278,279,280,281,282,283,
LG hinge;276,277,278,279,280,281,282,283,
LG siderms;69,70,101,191,275,277,278,279,280,281,286,
LG sideav;72,103,121,278,280,285,286,
LG maxd;63,69,101,191,278,279,280,281,286,
